,player_name,value,follower,shots_total,shots_on,goals_total,goals_conceded,goals_assists,passes_total,passes_key,passes_accuracy,tackles_total,tackles_blocks,tackles_interceptions,duels_total,duels_won,dribbles_attempts,dribbles_success,fouls_drawn,fouls_committed,cards_yellow,cards_yellowred,cards_red,penalty_won,penalty_commited,penalty_success,penalty_missed,penalty_saved,games_appearences,games_lineups,substitutes_in,substitutes_out,substitutes_bench,games_played
0,A. Anguissa,20.0,67879,0.0001,0.0,0.0,0.0,0.0,0.0037,0.0,0.0005,0.0002,0.0,0.0001,0.0006,0.0003,0.0002,0.0002,0.0001,0.0001,0.0,0.0,0.0,0.0,0.0,0.0,0.0,0.0,0.0002,0.0002,0.0001,0.0,0.0001,77.6111
2,A. Belotti,32.0,740918,0.0003,0.0001,0.0,0.0,0.0,0.0012,0.0001,0.0004,0.0,0.0,0.0,0.0012,0.0006,0.0002,0.0001,0.0003,0.0002,0.0,0.0,0.0,0.0,0.0,0.0,0.0,0.0,0.0001,0.0001,0.0,0.0,0.0,101.5333
3,A. Christensen,24.0,601838,0.0001,0.0,0.0,0.0,0.0,0.0087,0.0,0.002,0.0002,0.0001,0.0002,0.001,0.0006,0.0,0.0,0.0001,0.0001,0.0,0.0,0.0,0.0,0.0,0.0,0.0,0.0,0.0002,0.0002,0.0,0.0,0.0001,81.5444
4,A. Correa,32.0,652886,0.0003,0.0001,0.0,0.0,0.0,0.0031,0.0002,0.0012,0.0001,0.0,0.0001,0.0016,0.0007,0.0006,0.0003,0.0002,0.0002,0.0,0.0,0.0,0.0,0.0,0.0,0.0,0.0,0.0002,0.0001,0.0001,0.0001,0.0001,87.6556
6,A. Di María,32.0,11513791,0.0003,0.0001,0.0,0.0,0.0,0.003,0.0002,0.0006,0.0,0.0,0.0,0.0004,0.0002,0.0003,0.0002,0.0001,0.0,0.0,0.0,0.0,0.0,0.0,0.0,0.0,0.0,0.0001,0.0001,0.0,0.0001,0.0,104.1444
9,A. Doucouré,20.0,46206,0.0001,0.0,0.0,0.0,0.0,0.0042,0.0001,0.0004,0.0002,0.0,0.0001,0.0009,0.0004,0.0001,0.0001,0.0,0.0001,0.0,0.0,0.0,0.0,0.0,0.0,0.0,0.0,0.0001,0.0001,0.0,0.0,0.0,104.9333
10,A. Golovin,20.0,11440,0.0002,0.0001,0.0,0.0,0.0,0.0035,0.0001,0.0007,0.0001,0.0,0.0001,0.0008,0.0004,0.0002,0.0002,0.0002,0.0002,0.0,0.0,0.0,0.0,0.0,0.0,0.0,0.0,0.0001,0.0001,0.0,0.0,0.0,99.7778
12,A. Griezmann,96.0,30243196,0.0002,0.0001,0.0,0.0,0.0,0.0019,0.0001,0.0004,0.0,0.0,0.0,0.0004,0.0002,0.0001,0.0,0.0001,0.0,0.0,0.0,0.0,0.0,0.0,0.0,0.0,0.0,0.0001,0.0001,0.0,0.0,0.0,123.8222
13,A. Grimaldo,28.0,453600,0.0001,0.0,0.0,0.0,0.0,0.0027,0.0001,0.0003,0.0001,0.0,0.0001,0.0004,0.0002,0.0001,0.0001,0.0001,0.0,0.0,0.0,0.0,0.0,0.0,0.0,0.0,0.0,0.0001,0.0001,0.0,0.0,0.0,123.1333
14,A. Hakimi,54.0,3118407,0.0002,0.0001,0.0,0.0,0.0,0.0096,0.0002,0.0017,0.0002,0.0,0.0002,0.0011,0.0006,0.0006,0.0004,0.0003,0.0001,0.0,0.0,0.0,0.0,0.0,0.0,0.0,0.0,0.0002,0.0002,0.0,0.0,0.0001,75.7444
15,A. Harit,24.0,1019540,0.0003,0.0001,0.0,0.0,0.0,0.0062,0.0004,0.0018,0.0001,0.0,0.0001,0.0021,0.0011,0.0009,0.0005,0.0007,0.0002,0.0,0.0,0.0,0.0,0.0,0.0,0.0,0.0,0.0003,0.0002,0.0001,0.0001,0.0001,68.9889
17,A. Iwobi,25.5,2393,0.0004,0.0002,0.0,0.0,0.0,0.0072,0.0004,0.0021,0.0002,0.0,0.0001,0.0018,0.0008,0.0007,0.0004,0.0001,0.0001,0.0,0.0,0.0,0.0,0.0,0.0,0.0,0.0,0.0002,0.0002,0.0001,0.0001,0.0001,77.0
18,A. Kramaric,30.5,351898,0.0005,0.0002,0.0001,0.0,0.0,0.0043,0.0003,0.0014,0.0,0.0,0.0,0.0009,0.0003,0.0003,0.0002,0.0001,0.0001,0.0,0.0,0.0,0.0,0.0,0.0,0.0,0.0,0.0002,0.0002,0.0,0.0,0.0,79.5667
19,A. Lacazette,48.0,3141100,0.0004,0.0002,0.0001,0.0,0.0,0.0027,0.0002,0.0011,0.0002,0.0,0.0,0.0017,0.0007,0.0003,0.0002,0.0002,0.0002,0.0,0.0,0.0,0.0,0.0,0.0,0.0,0.0,0.0002,0.0001,0.0,0.0001,0.0001,86.8222
20,A. Laporte,60.0,841807,0.0001,0.0,0.0,0.0,0.0,0.0074,0.0,0.0012,0.0001,0.0,0.0001,0.0008,0.0005,0.0,0.0,0.0001,0.0001,0.0,0.0,0.0,0.0,0.0,0.0,0.0,0.0,0.0001,0.0001,0.0,0.0,0.0,96.3778
21,A. Martial,17.5,5748682,0.0004,0.0002,0.0001,0.0,0.0,0.0044,0.0003,0.0018,0.0001,0.0,0.0,0.0018,0.0008,0.0007,0.0004,0.0002,0.0001,0.0,0.0,0.0,0.0,0.0,0.0,0.0,0.0,0.0002,0.0002,0.0001,0.0001,0.0001,79.9222
22,A. Meret,48.0,272236,0.0,0.0,0.0,0.0004,0.0,0.0062,0.0,0.0029,0.0,0.0,0.0,0.0001,0.0001,0.0,0.0,0.0001,0.0,0.0,0.0,0.0,0.0,0.0,0.0,0.0,0.0,0.0004,0.0003,0.0,0.0,0.0002,53.6778
23,A. Milik,28.0,1042684,0.0011,0.0005,0.0002,0.0,0.0,0.0048,0.0003,0.0034,0.0001,0.0,0.0,0.0018,0.0007,0.0002,0.0001,0.0003,0.0004,0.0001,0.0,0.0,0.0,0.0,0.0,0.0,0.0,0.0004,0.0003,0.0001,0.0001,0.0002,60.2556
24,A. Mitrovic,32.0,100461,0.0005,0.0002,0.0001,0.0,0.0,0.0024,0.0001,0.0005,0.0,0.0,0.0,0.0015,0.0007,0.0002,0.0001,0.0002,0.0002,0.0,0.0,0.0,0.0,0.0,0.0,0.0,0.0,0.0001,0.0001,0.0,0.0,0.0,89.7889
25,A. Morata,20.0,11106560,0.0005,0.0002,0.0001,0.0,0.0,0.0023,0.0001,0.0016,0.0001,0.0,0.0,0.0017,0.0007,0.0003,0.0002,0.0003,0.0003,0.0,0.0,0.0,0.0,0.0,0.0,0.0,0.0,0.0002,0.0001,0.0001,0.0001,0.0001,83.6
27,A. Onana,16.0,562276,0.0,0.0,0.0,0.0001,0.0,0.0011,0.0,0.0003,0.0,0.0,0.0,0.0,0.0,0.0,0.0,0.0,0.0,0.0,0.0,0.0,0.0,0.0,0.0,0.0,0.0,0.0001,0.0001,0.0,0.0,0.0,129.8111
29,A. Pereira,28.0,123684,0.0007,0.0003,0.0,0.0,0.0001,0.0132,0.0006,0.0054,0.0004,0.0,0.0003,0.0044,0.0017,0.001,0.0005,0.0005,0.0007,0.0001,0.0,0.0,0.0,0.0,0.0,0.0,0.0,0.0007,0.0004,0.0003,0.0003,0.0004,50.8333
30,A. Pérez,16.0,189500,0.0001,0.0,0.0,0.0,0.0,0.0025,0.0001,0.0006,0.0001,0.0,0.0001,0.0005,0.0003,0.0001,0.0001,0.0001,0.0001,0.0,0.0,0.0,0.0,0.0,0.0,0.0,0.0,0.0001,0.0001,0.0,0.0,0.0,94.0111
31,A. Rabiot,24.0,1741682,0.0001,0.0,0.0,0.0,0.0,0.0118,0.0001,0.0016,0.0002,0.0,0.0002,0.0014,0.0008,0.0004,0.0003,0.0002,0.0003,0.0,0.0,0.0,0.0,0.0,0.0,0.0,0.0,0.0002,0.0002,0.0,0.0001,0.0001,72.6333
32,A. Ramsey,25.5,4059287,0.0005,0.0002,0.0001,0.0,0.0001,0.0102,0.0003,0.0027,0.0003,0.0,0.0002,0.002,0.0009,0.0004,0.0003,0.0003,0.0003,0.0,0.0,0.0,0.0,0.0,0.0,0.0,0.0,0.0003,0.0002,0.0001,0.0001,0.0001,66.4667
34,A. Robertson,24.0,2696305,0.0,0.0,0.0,0.0,0.0,0.0038,0.0001,0.0005,0.0001,0.0,0.0001,0.0004,0.0002,0.0001,0.0,0.0,0.0,0.0,0.0,0.0,0.0,0.0,0.0,0.0,0.0,0.0001,0.0001,0.0,0.0,0.0,116.9444
35,A. Romagnoli,64.0,793779,0.0,0.0,0.0,0.0,0.0,0.0044,0.0,0.0006,0.0001,0.0,0.0001,0.0004,0.0002,0.0,0.0,0.0,0.0001,0.0,0.0,0.0,0.0,0.0,0.0,0.0,0.0,0.0001,0.0001,0.0,0.0,0.0,108.3889
36,A. Rüdiger,36.0,1242810,0.0001,0.0,0.0,0.0,0.0,0.006,0.0,0.0009,0.0001,0.0,0.0001,0.0007,0.0004,0.0,0.0,0.0,0.0001,0.0,0.0,0.0,0.0,0.0,0.0,0.0,0.0,0.0001,0.0001,0.0,0.0,0.0,101.3778
37,A. Saint-Maximin,40.0,409157,0.0002,0.0001,0.0,0.0,0.0,0.0018,0.0002,0.001,0.0,0.0,0.0,0.0014,0.0007,0.0008,0.0005,0.0002,0.0,0.0,0.0,0.0,0.0,0.0,0.0,0.0,0.0,0.0002,0.0001,0.0,0.0001,0.0,83.6222
38,A. Sandro,20.0,1971364,0.0001,0.0,0.0,0.0,0.0,0.005,0.0001,0.0008,0.0001,0.0,0.0001,0.0009,0.0005,0.0002,0.0001,0.0002,0.0002,0.0,0.0,0.0,0.0,0.0,0.0,0.0,0.0,0.0001,0.0001,0.0,0.0,0.0,100.3889
39,A. Silva,40.0,8752,0.0001,0.0,0.0,0.0001,0.0,0.0058,0.0001,0.002,0.0002,0.0,0.0001,0.0009,0.0005,0.0002,0.0001,0.0001,0.0002,0.0,0.0,0.0,0.0,0.0,0.0,0.0,0.0,0.0002,0.0002,0.0,0.0,0.0001,77.6444
40,A. Telles,16.0,923192,0.0001,0.0,0.0,0.0,0.0,0.0017,0.0002,0.0003,0.0,0.0,0.0001,0.0003,0.0002,0.0001,0.0,0.0,0.0001,0.0,0.0,0.0,0.0,0.0,0.0,0.0,0.0,0.0001,0.0001,0.0,0.0,0.0,123.9
41,A. Traoré,32.0,1394908,0.0001,0.0,0.0,0.0,0.0,0.0017,0.0001,0.0007,0.0001,0.0,0.0001,0.0008,0.0005,0.0003,0.0003,0.0001,0.0001,0.0,0.0,0.0,0.0,0.0,0.0,0.0,0.0,0.0001,0.0001,0.0,0.0,0.0001,111.3111
42,A. Wan-Bissaka,25.5,1629273,0.0,0.0,0.0,0.0,0.0,0.0049,0.0001,0.0012,0.0006,0.0001,0.0004,0.0016,0.001,0.0004,0.0003,0.0001,0.0001,0.0,0.0,0.0,0.0,0.0,0.0,0.0,0.0,0.0002,0.0002,0.0,0.0,0.0,79.1333
43,A. Witsel,32.0,1451724,0.0002,0.0,0.0,0.0,0.0,0.0116,0.0001,0.0013,0.0002,0.0,0.0002,0.0008,0.0005,0.0002,0.0002,0.0002,0.0002,0.0,0.0,0.0,0.0,0.0,0.0,0.0,0.0,0.0002,0.0002,0.0,0.0,0.0,76.2
44,Alisson,21.5,6954286,0.0,0.0,0.0,0.0001,0.0,0.0015,0.0,0.0003,0.0,0.0,0.0,0.0,0.0,0.0,0.0,0.0,0.0,0.0,0.0,0.0,0.0,0.0,0.0,0.0,0.0,0.0001,0.0001,0.0,0.0,0.0,124.2778
45,Allan_NAP,72.0,473238,0.0001,0.0,0.0,0.0,0.0,0.0059,0.0001,0.001,0.0002,0.0,0.0001,0.0014,0.0007,0.0003,0.0002,0.0002,0.0002,0.0,0.0,0.0,0.0,0.0,0.0,0.0,0.0,0.0001,0.0001,0.0,0.0,0.0,96.1778
46,Angeliño,32.0,165000,0.0001,0.0,0.0,0.0,0.0,0.0039,0.0002,0.0009,0.0001,0.0,0.0002,0.0007,0.0004,0.0002,0.0001,0.0001,0.0001,0.0,0.0,0.0,0.0,0.0,0.0,0.0,0.0,0.0001,0.0001,0.0,0.0,0.0,96.7
47,Anthony Lopes,17.5,136526,0.0,0.0,0.0,0.0001,0.0,0.001,0.0,0.0002,0.0,0.0,0.0,0.0,0.0,0.0,0.0,0.0,0.0,0.0,0.0,0.0,0.0,0.0,0.0,0.0,0.0,0.0001,0.0001,0.0,0.0,0.0,131.6556
50,B. Chilwell,40.0,282138,0.0001,0.0,0.0,0.0,0.0,0.004,0.0001,0.0006,0.0002,0.0,0.0001,0.0012,0.0007,0.0002,0.0001,0.0001,0.0001,0.0,0.0,0.0,0.0,0.0,0.0,0.0,0.0,0.0001,0.0001,0.0,0.0,0.0,96.0333
51,B. Cristante,20.0,158027,0.0002,0.0001,0.0,0.0,0.0,0.0047,0.0001,0.0009,0.0001,0.0,0.0001,0.0013,0.0006,0.0002,0.0001,0.0001,0.0002,0.0,0.0,0.0,0.0,0.0,0.0,0.0,0.0,0.0001,0.0001,0.0,0.0,0.0,93.8333
52,B. Davies_TOT,17.5,266366,0.0001,0.0,0.0,0.0,0.0,0.0076,0.0002,0.0021,0.0003,0.0001,0.0002,0.0017,0.0009,0.0001,0.0001,0.0001,0.0002,0.0,0.0,0.0,0.0,0.0,0.0,0.0,0.0,0.0002,0.0002,0.0,0.0,0.0001,74.7778
55,B. Kamara_MSU,27.0,408100,0.0001,0.0,0.0,0.0,0.0,0.0091,0.0001,0.0017,0.0003,0.0001,0.0003,0.0013,0.0007,0.0002,0.0001,0.0002,0.0002,0.0001,0.0,0.0,0.0,0.0,0.0,0.0,0.0,0.0002,0.0002,0.0,0.0,0.0001,70.4
56,B. Leno,28.0,834169,0.0,0.0,0.0,0.0001,0.0,0.0018,0.0,0.0004,0.0,0.0,0.0,0.0001,0.0,0.0,0.0,0.0,0.0,0.0,0.0,0.0,0.0,0.0,0.0,0.0,0.0,0.0001,0.0001,0.0,0.0,0.0,105.5
58,B. Pavard,28.0,1705469,0.0,0.0,0.0,0.0,0.0,0.0044,0.0,0.0004,0.0001,0.0,0.0001,0.0005,0.0003,0.0,0.0,0.0,0.0001,0.0,0.0,0.0,0.0,0.0,0.0,0.0,0.0,0.0001,0.0001,0.0,0.0,0.0,108.0222
60,B. Silva,80.0,2076355,0.0002,0.0001,0.0,0.0,0.0,0.0042,0.0002,0.0009,0.0001,0.0,0.0001,0.0008,0.0004,0.0002,0.0002,0.0001,0.0001,0.0,0.0,0.0,0.0,0.0,0.0,0.0,0.0,0.0001,0.0001,0.0,0.0,0.0,109.0
63,C. Azpilicueta,24.0,896732,0.0,0.0,0.0,0.0,0.0,0.0028,0.0,0.0003,0.0001,0.0,0.0001,0.0004,0.0002,0.0,0.0,0.0,0.0,0.0,0.0,0.0,0.0,0.0,0.0,0.0,0.0,0.0001,0.0,0.0,0.0,0.0,141.6
65,C. Eriksen,68.0,2041938,0.0002,0.0001,0.0,0.0,0.0,0.0037,0.0002,0.0008,0.0001,0.0,0.0001,0.0005,0.0002,0.0001,0.0,0.0,0.0,0.0,0.0,0.0,0.0,0.0,0.0,0.0,0.0,0.0001,0.0001,0.0,0.0,0.0,114.1333
67,C. Immobile,40.0,1143091,0.0003,0.0001,0.0001,0.0,0.0,0.0017,0.0001,0.0005,0.0,0.0,0.0,0.0005,0.0002,0.0002,0.0001,0.0001,0.0001,0.0,0.0,0.0,0.0,0.0,0.0,0.0,0.0,0.0001,0.0001,0.0,0.0,0.0,111.9444
68,C. Kouamé,17.5,59800,0.0003,0.0001,0.0,0.0,0.0,0.0019,0.0001,0.0006,0.0,0.0,0.0001,0.0014,0.0007,0.0002,0.0001,0.0003,0.0002,0.0,0.0,0.0,0.0,0.0,0.0,0.0,0.0,0.0002,0.0002,0.0,0.0001,0.0,78.9333
69,C. Lenglet,48.0,1835812,0.0,0.0,0.0,0.0,0.0,0.0035,0.0,0.0005,0.0001,0.0,0.0001,0.0005,0.0003,0.0,0.0,0.0001,0.0001,0.0,0.0,0.0,0.0,0.0,0.0,0.0,0.0,0.0001,0.0001,0.0,0.0,0.0,119.5222
71,C. Pulisic,54.0,2677415,0.0006,0.0002,0.0001,0.0,0.0001,0.0082,0.0004,0.0033,0.0002,0.0,0.0001,0.0045,0.0019,0.0019,0.001,0.0005,0.0002,0.0,0.0,0.0,0.0,0.0,0.0,0.0,0.0,0.0003,0.0002,0.0001,0.0001,0.0001,69.1333
72,C. Ronaldo,60.0,222106900,0.0005,0.0002,0.0001,0.0,0.0,0.0022,0.0001,0.0005,0.0,0.0,0.0,0.0005,0.0003,0.0002,0.0001,0.0001,0.0001,0.0,0.0,0.0,0.0,0.0,0.0,0.0,0.0,0.0001,0.0001,0.0,0.0,0.0,110.6444
73,C. Soler,40.0,160657,0.0002,0.0001,0.0,0.0,0.0,0.0032,0.0001,0.0009,0.0001,0.0,0.0,0.001,0.0004,0.0002,0.0001,0.0002,0.0002,0.0,0.0,0.0,0.0,0.0,0.0,0.0,0.0,0.0001,0.0001,0.0,0.0,0.0,93.7667
74,C. Stengs,18.0,61673,0.0005,0.0002,0.0001,0.0,0.0001,0.0067,0.0004,0.0016,0.0002,0.0,0.0001,0.0007,0.0003,0.0007,0.0005,0.0001,0.0002,0.0,0.0,0.0,0.0,0.0,0.0,0.0,0.0,0.0003,0.0003,0.0,0.0001,0.0,63.4556
78,C. Wilson,24.0,292000,0.0003,0.0001,0.0001,0.0,0.0,0.0016,0.0002,0.0009,0.0001,0.0,0.0,0.0017,0.0005,0.0002,0.0001,0.0002,0.0002,0.0,0.0,0.0,0.0,0.0,0.0,0.0,0.0,0.0002,0.0002,0.0,0.0001,0.0,81.1111
79,C. Ünder,24.0,979374,0.0009,0.0003,0.0001,0.0,0.0001,0.0074,0.0006,0.0041,0.0001,0.0,0.0003,0.0023,0.001,0.0011,0.0007,0.0005,0.0001,0.0,0.0,0.0,0.0,0.0,0.0,0.0,0.0,0.0006,0.0004,0.0002,0.0003,0.0004,53.8222
80,Casemiro,64.0,12051174,0.0001,0.0,0.0,0.0,0.0,0.0045,0.0001,0.0007,0.0002,0.0,0.0002,0.0009,0.0005,0.0001,0.0001,0.0002,0.0002,0.0,0.0,0.0,0.0,0.0,0.0,0.0,0.0,0.0001,0.0001,0.0,0.0,0.0,108.8444
81,D. Alaba,52.0,4945797,0.0001,0.0,0.0,0.0,0.0,0.0054,0.0001,0.0007,0.0001,0.0,0.0001,0.0004,0.0002,0.0001,0.0001,0.0,0.0,0.0,0.0,0.0,0.0,0.0,0.0,0.0,0.0,0.0001,0.0001,0.0,0.0,0.0,103.1778
82,D. Alli,64.0,7285080,0.0002,0.0001,0.0,0.0,0.0,0.0028,0.0001,0.0008,0.0001,0.0,0.0001,0.001,0.0004,0.0003,0.0001,0.0001,0.0001,0.0,0.0,0.0,0.0,0.0,0.0,0.0,0.0,0.0001,0.0001,0.0,0.0,0.0,107.6111
83,D. Berardi,19.0,123675,0.0006,0.0002,0.0,0.0,0.0,0.004,0.0003,0.0006,0.0001,0.0,0.0001,0.0015,0.0006,0.0004,0.0002,0.0004,0.0003,0.0,0.0,0.0,0.0,0.0,0.0,0.0,0.0,0.0002,0.0002,0.0,0.0001,0.0,80.2333
84,D. Blind,20.0,2499039,0.0001,0.0,0.0,0.0,0.0,0.0053,0.0001,0.0007,0.0001,0.0,0.0001,0.0005,0.0003,0.0001,0.0001,0.0001,0.0001,0.0,0.0,0.0,0.0,0.0,0.0,0.0,0.0,0.0001,0.0001,0.0,0.0,0.0,105.9444
87,D. Calvert-Lewin,24.0,194987,0.0005,0.0002,0.0001,0.0,0.0,0.0023,0.0001,0.0015,0.0001,0.0,0.0001,0.0035,0.0014,0.0003,0.0001,0.0003,0.0003,0.0,0.0,0.0,0.0,0.0,0.0,0.0,0.0,0.0003,0.0002,0.0001,0.0001,0.0001,74.5778
88,D. Carvajal,40.0,4956744,0.0001,0.0,0.0,0.0,0.0,0.0058,0.0002,0.001,0.0001,0.0,0.0001,0.0008,0.0004,0.0002,0.0001,0.0001,0.0002,0.0,0.0,0.0,0.0,0.0,0.0,0.0,0.0,0.0001,0.0001,0.0,0.0,0.0,98.5111
93,D. James,22.5,1773988,0.0006,0.0002,0.0,0.0,0.0001,0.006,0.0003,0.0026,0.0002,0.0,0.0001,0.0024,0.0012,0.0007,0.0004,0.0007,0.0001,0.0,0.0,0.0,0.0,0.0,0.0,0.0,0.0,0.0003,0.0003,0.0001,0.0001,0.0001,62.1222
94,D. Jota,28.0,190719,0.0003,0.0001,0.0,0.0,0.0,0.0025,0.0001,0.0007,0.0001,0.0,0.0,0.0016,0.0007,0.0005,0.0003,0.0002,0.0002,0.0,0.0,0.0,0.0,0.0,0.0,0.0,0.0,0.0001,0.0001,0.0,0.0001,0.0,97.8
96,D. Malen,25.0,118651,0.0007,0.0004,0.0002,0.0,0.0,0.0042,0.0003,0.0021,0.0,0.0,0.0,0.001,0.0005,0.0005,0.0003,0.0003,0.0001,0.0001,0.0,0.0,0.0,0.0,0.0,0.0,0.0,0.0005,0.0003,0.0002,0.0001,0.0003,55.6889
97,D. McNeil,18.0,13330,0.0005,0.0001,0.0,0.0,0.0001,0.0071,0.0005,0.0031,0.0006,0.0,0.0003,0.0041,0.0019,0.0013,0.0007,0.0003,0.0003,0.0,0.0,0.0,0.0,0.0,0.0,0.0,0.0,0.0004,0.0004,0.0,0.0001,0.0001,51.2444
98,D. Mertens,20.0,1675015,0.0004,0.0001,0.0001,0.0,0.0,0.0022,0.0002,0.0008,0.0,0.0,0.0,0.0006,0.0002,0.0002,0.0001,0.0001,0.0001,0.0,0.0,0.0,0.0,0.0,0.0,0.0,0.0,0.0001,0.0001,0.0,0.0,0.0,99.5889
99,D. Neres,36.0,2118462,0.0003,0.0001,0.0001,0.0,0.0,0.0043,0.0002,0.0009,0.0001,0.0,0.0001,0.0015,0.0007,0.0006,0.0004,0.0002,0.0001,0.0,0.0,0.0,0.0,0.0,0.0,0.0,0.0,0.0002,0.0001,0.0,0.0001,0.0001,81.7444
101,D. Parejo,28.0,276500,0.0001,0.0,0.0,0.0,0.0,0.0035,0.0001,0.0004,0.0001,0.0,0.0001,0.0005,0.0003,0.0001,0.0001,0.0001,0.0001,0.0,0.0,0.0,0.0,0.0,0.0,0.0,0.0,0.0001,0.0001,0.0,0.0,0.0,128.2889
102,D. Pereira,24.0,343156,0.0002,0.0,0.0,0.0,0.0,0.0048,0.0,0.0007,0.0001,0.0,0.0001,0.0009,0.0005,0.0001,0.0001,0.0001,0.0001,0.0,0.0,0.0,0.0,0.0,0.0,0.0,0.0,0.0001,0.0001,0.0,0.0,0.0,89.9556
103,D. Praet,19.0,107659,0.0001,0.0,0.0,0.0,0.0,0.0055,0.0001,0.0009,0.0002,0.0,0.0002,0.0013,0.0007,0.0003,0.0002,0.0001,0.0001,0.0,0.0,0.0,0.0,0.0,0.0,0.0,0.0,0.0002,0.0001,0.0,0.0,0.0,85.7778
104,D. Rice,49.5,238354,0.0001,0.0,0.0,0.0,0.0,0.0047,0.0,0.0009,0.0003,0.0,0.0002,0.0011,0.0007,0.0001,0.0001,0.0,0.0001,0.0,0.0,0.0,0.0,0.0,0.0,0.0,0.0,0.0001,0.0001,0.0,0.0,0.0,90.2444
105,D. Sánchez,48.0,610150,0.0,0.0,0.0,0.0,0.0,0.0051,0.0,0.0009,0.0001,0.0,0.0001,0.0007,0.0004,0.0,0.0,0.0,0.0001,0.0,0.0,0.0,0.0,0.0,0.0,0.0,0.0,0.0001,0.0001,0.0,0.0,0.0,104.0667
107,D. Upamecano,45.0,99135,0.0001,0.0,0.0,0.0,0.0,0.0068,0.0,0.0012,0.0001,0.0,0.0002,0.001,0.0006,0.0001,0.0001,0.0001,0.0001,0.0,0.0,0.0,0.0,0.0,0.0,0.0,0.0,0.0001,0.0001,0.0,0.0,0.0,87.7111
110,D. Zakaria,36.0,65712,0.0001,0.0,0.0,0.0,0.0,0.0045,0.0001,0.001,0.0002,0.0,0.0002,0.0009,0.0005,0.0003,0.0002,0.0001,0.0002,0.0,0.0,0.0,0.0,0.0,0.0,0.0,0.0,0.0002,0.0001,0.0,0.0,0.0,84.4
111,D. Zapata,36.0,472073,0.0006,0.0003,0.0001,0.0,0.0,0.003,0.0003,0.0012,0.0,0.0,0.0,0.0018,0.0008,0.0004,0.0002,0.0004,0.0003,0.0,0.0,0.0,0.0,0.0,0.0,0.0,0.0,0.0002,0.0002,0.0,0.0001,0.0,79.5667
112,D. de Gea,40.0,10998619,0.0,0.0,0.0,0.0001,0.0,0.0009,0.0,0.0003,0.0,0.0,0.0,0.0,0.0,0.0,0.0,0.0,0.0,0.0,0.0,0.0,0.0,0.0,0.0,0.0,0.0,0.0001,0.0001,0.0,0.0,0.0,129.0
113,D. van de Beek,44.0,1087517,0.0001,0.0001,0.0,0.0,0.0,0.0021,0.0001,0.0004,0.0001,0.0,0.0001,0.0004,0.0002,0.0001,0.0001,0.0001,0.0001,0.0,0.0,0.0,0.0,0.0,0.0,0.0,0.0,0.0001,0.0001,0.0,0.0,0.0,117.4889
114,Djené,24.0,17900,0.0,0.0,0.0,0.0,0.0,0.0018,0.0,0.0003,0.0001,0.0,0.0002,0.0006,0.0004,0.0001,0.0001,0.0001,0.0001,0.0,0.0,0.0,0.0,0.0,0.0,0.0,0.0,0.0001,0.0001,0.0,0.0,0.0,104.1778
117,E. Can,24.0,2823284,0.0003,0.0001,0.0,0.0,0.0,0.0096,0.0002,0.0024,0.0004,0.0001,0.0002,0.002,0.0012,0.0003,0.0002,0.0003,0.0003,0.0001,0.0,0.0,0.0,0.0,0.0,0.0,0.0,0.0003,0.0002,0.0001,0.0001,0.0001,70.8222
118,E. Cavani,20.0,7174135,0.0005,0.0002,0.0001,0.0,0.0,0.0019,0.0001,0.0012,0.0,0.0,0.0,0.0005,0.0002,0.0001,0.0001,0.0001,0.0001,0.0,0.0,0.0,0.0,0.0,0.0,0.0,0.0,0.0002,0.0002,0.0,0.0001,0.0,80.6222
119,E. Dier,20.0,827133,0.0001,0.0,0.0,0.0,0.0,0.0068,0.0001,0.0015,0.0002,0.0001,0.0002,0.001,0.0005,0.0001,0.0,0.0,0.0001,0.0,0.0,0.0,0.0,0.0,0.0,0.0,0.0,0.0002,0.0001,0.0,0.0,0.0001,88.1
120,E. Forsberg,22.5,122997,0.0006,0.0002,0.0001,0.0,0.0001,0.007,0.0006,0.0029,0.0002,0.0,0.0001,0.002,0.001,0.0008,0.0005,0.0004,0.0002,0.0,0.0,0.0,0.0,0.0,0.0,0.0,0.0,0.0004,0.0003,0.0001,0.0002,0.0002,61.9889
122,E. Hazard,80.0,26855201,0.0002,0.0001,0.0,0.0,0.0,0.004,0.0003,0.0008,0.0,0.0,0.0,0.0013,0.0008,0.0007,0.0005,0.0003,0.0,0.0,0.0,0.0,0.0,0.0,0.0,0.0,0.0,0.0001,0.0001,0.0,0.0,0.0,100.8333
126,Ederson,56.0,1870271,0.0,0.0,0.0,0.0,0.0,0.0013,0.0,0.0003,0.0,0.0,0.0,0.0,0.0,0.0,0.0,0.0,0.0,0.0,0.0,0.0,0.0,0.0,0.0,0.0,0.0,0.0001,0.0001,0.0,0.0,0.0,129.4778
129,F. Anderson,32.0,501782,0.0006,0.0002,0.0001,0.0,0.0001,0.014,0.0007,0.0031,0.0009,0.0,0.0004,0.005,0.0024,0.0017,0.001,0.0005,0.0003,0.0,0.0,0.0,0.0,0.0,0.0,0.0,0.0,0.0004,0.0004,0.0001,0.0002,0.0001,53.4667
130,F. Bernardeschi,28.0,2294890,0.0011,0.0004,0.0001,0.0,0.0001,0.0115,0.0007,0.0057,0.0001,0.0,0.0002,0.0032,0.0016,0.0011,0.0007,0.0008,0.0006,0.0001,0.0,0.0,0.0,0.0,0.0,0.0,0.0,0.0007,0.0004,0.0004,0.0002,0.0006,50.4667
131,F. Chiesa,48.0,345689,0.0003,0.0001,0.0,0.0,0.0,0.0017,0.0002,0.0004,0.0001,0.0,0.0,0.001,0.0004,0.0004,0.0002,0.0002,0.0002,0.0,0.0,0.0,0.0,0.0,0.0,0.0,0.0,0.0001,0.0001,0.0,0.0,0.0,99.8667
132,F. Coquelin,19.0,42457,0.0001,0.0,0.0,0.0,0.0,0.0083,0.0001,0.0028,0.0002,0.0,0.0005,0.0014,0.0008,0.0003,0.0002,0.0002,0.0003,0.0001,0.0,0.0,0.0,0.0,0.0,0.0,0.0,0.0003,0.0002,0.0001,0.0001,0.0001,71.2222
133,F. Grillitsch,20.0,23993,0.0002,0.0,0.0,0.0,0.0,0.0071,0.0001,0.0011,0.0002,0.0,0.0003,0.0014,0.0008,0.0002,0.0001,0.0003,0.0002,0.0,0.0,0.0,0.0,0.0,0.0,0.0,0.0,0.0002,0.0002,0.0,0.0,0.0,82.0556
134,F. Kessié,20.0,518657,0.0001,0.0,0.0,0.0,0.0,0.0031,0.0001,0.0005,0.0001,0.0,0.0001,0.0006,0.0003,0.0001,0.0001,0.0001,0.0001,0.0,0.0,0.0,0.0,0.0,0.0,0.0,0.0,0.0001,0.0001,0.0,0.0,0.0,112.3
135,F. Kostic,32.0,148036,0.0003,0.0001,0.0,0.0,0.0,0.0026,0.0003,0.0006,0.0002,0.0,0.0001,0.0008,0.0004,0.0004,0.0003,0.0001,0.0001,0.0,0.0,0.0,0.0,0.0,0.0,0.0,0.0,0.0001,0.0001,0.0,0.0,0.0,89.1667
136,F. Mendy,32.0,1135175,0.0001,0.0,0.0,0.0,0.0,0.006,0.0002,0.0008,0.0001,0.0,0.0002,0.0012,0.0007,0.0004,0.0003,0.0002,0.0001,0.0,0.0,0.0,0.0,0.0,0.0,0.0,0.0,0.0002,0.0001,0.0,0.0,0.0001,85.0778
137,F. Neuhaus,17.5,46916,0.0004,0.0001,0.0,0.0,0.0,0.0053,0.0002,0.0012,0.0001,0.0,0.0002,0.0013,0.0006,0.0004,0.0003,0.0003,0.0002,0.0,0.0,0.0,0.0,0.0,0.0,0.0,0.0,0.0002,0.0002,0.0,0.0001,0.0,77.7222
138,F. Ruiz,48.0,431271,0.0002,0.0001,0.0,0.0,0.0,0.0073,0.0002,0.0009,0.0001,0.0,0.0001,0.0009,0.0005,0.0003,0.0002,0.0001,0.0001,0.0,0.0,0.0,0.0,0.0,0.0,0.0,0.0,0.0001,0.0001,0.0,0.0,0.0,94.8111
139,F. Thauvin,32.0,1106225,0.0005,0.0002,0.0001,0.0,0.0,0.005,0.0003,0.0008,0.0001,0.0,0.0001,0.002,0.001,0.0007,0.0004,0.0002,0.0001,0.0,0.0,0.0,0.0,0.0,0.0,0.0,0.0,0.0002,0.0002,0.0,0.0001,0.0,79.1222
140,F. Tomori,16.0,536092,0.0,0.0,0.0,0.0,0.0,0.0048,0.0,0.0009,0.0001,0.0001,0.0001,0.0009,0.0006,0.0001,0.0001,0.0001,0.0001,0.0,0.0,0.0,0.0,0.0,0.0,0.0,0.0,0.0001,0.0001,0.0,0.0,0.0,98.1444
141,F. Torres_Val,45.0,136076,0.0005,0.0002,0.0001,0.0,0.0001,0.0083,0.0005,0.0049,0.0003,0.0,0.0003,0.0023,0.0011,0.0012,0.0007,0.0005,0.0004,0.0001,0.0,0.0,0.0,0.0,0.0,0.0,0.0,0.0006,0.0004,0.0003,0.0002,0.0005,51.5333
143,F. de Jong,72.0,7020902,0.0,0.0,0.0,0.0,0.0,0.0054,0.0001,0.0005,0.0001,0.0,0.0001,0.0006,0.0004,0.0002,0.0002,0.0001,0.0001,0.0,0.0,0.0,0.0,0.0,0.0,0.0,0.0,0.0001,0.0001,0.0,0.0,0.0,105.9889
144,Fabinho,56.0,1820950,0.0001,0.0,0.0,0.0,0.0,0.005,0.0001,0.0008,0.0002,0.0,0.0001,0.0011,0.0006,0.0001,0.0001,0.0001,0.0001,0.0,0.0,0.0,0.0,0.0,0.0,0.0,0.0,0.0001,0.0001,0.0,0.0,0.0,101.6778
145,Felipe_POR,25.5,561000,0.0001,0.0,0.0,0.0,0.0,0.005,0.0,0.0005,0.0001,0.0,0.0003,0.0011,0.0007,0.0,0.0,0.0001,0.0001,0.0,0.0,0.0,0.0,0.0,0.0,0.0,0.0,0.0001,0.0001,0.0,0.0,0.0,88.4
147,Fred,17.5,5309528,0.0001,0.0,0.0,0.0,0.0,0.0052,0.0001,0.0011,0.0002,0.0,0.0001,0.0009,0.0004,0.0002,0.0001,0.0001,0.0001,0.0,0.0,0.0,0.0,0.0,0.0,0.0,0.0,0.0001,0.0001,0.0,0.0,0.0001,87.8667
148,G. Bale,32.0,43242138,0.0007,0.0003,0.0001,0.0,0.0,0.0058,0.0003,0.0028,0.0001,0.0,0.0001,0.0016,0.0008,0.0005,0.0003,0.0002,0.0002,0.0,0.0,0.0,0.0,0.0,0.0,0.0,0.0,0.0003,0.0002,0.0001,0.0001,0.0001,68.3333
150,G. Castrovilli,20.0,124165,0.0001,0.0,0.0,0.0,0.0,0.0021,0.0001,0.0005,0.0001,0.0,0.0,0.0,0.0,0.0003,0.0002,0.0002,0.0002,0.0001,0.0,0.0,0.0,0.0,0.0,0.0,0.0,0.0003,0.0002,0.0,0.0001,0.0001,67.4111
151,G. Deulofeu,20.0,1974850,0.0009,0.0003,0.0001,0.0,0.0001,0.0083,0.0006,0.0024,0.0003,0.0,0.0003,0.0039,0.0015,0.0015,0.0008,0.0003,0.0003,0.0,0.0,0.0,0.0,0.0,0.0,0.0,0.0,0.0004,0.0004,0.0001,0.0003,0.0001,54.0667
152,G. Donnarumma,49.5,1738012,0.0,0.0,0.0,0.0001,0.0,0.0014,0.0,0.0003,0.0,0.0,0.0,0.0,0.0,0.0,0.0,0.0,0.0,0.0,0.0,0.0,0.0,0.0,0.0,0.0,0.0,0.0001,0.0001,0.0,0.0,0.0,119.6
153,G. Guedes,22.5,459148,0.0005,0.0002,0.0,0.0,0.0,0.0055,0.0003,0.0026,0.0001,0.0,0.0001,0.0025,0.0013,0.0009,0.0005,0.0006,0.0003,0.0,0.0,0.0,0.0,0.0,0.0,0.0,0.0,0.0003,0.0002,0.0001,0.0001,0.0001,67.9444
154,G. Higuaín,25.5,88500,0.0003,0.0001,0.0,0.0,0.0,0.0019,0.0001,0.001,0.0,0.0,0.0,0.0007,0.0003,0.0002,0.0001,0.0001,0.0001,0.0,0.0,0.0,0.0,0.0,0.0,0.0,0.0,0.0001,0.0001,0.0,0.0,0.0,100.2778
155,G. Jesus,56.0,14298157,0.0006,0.0003,0.0001,0.0,0.0,0.0042,0.0002,0.002,0.0001,0.0,0.0001,0.0018,0.0008,0.0004,0.0003,0.0002,0.0002,0.0,0.0,0.0,0.0,0.0,0.0,0.0,0.0,0.0003,0.0002,0.0001,0.0001,0.0001,77.4556
156,G. Kondogbia,22.5,14179,0.0002,0.0,0.0,0.0,0.0,0.0077,0.0001,0.0018,0.0003,0.0001,0.0004,0.002,0.0011,0.0003,0.0002,0.0003,0.0003,0.0001,0.0,0.0,0.0,0.0,0.0,0.0,0.0,0.0002,0.0002,0.0,0.0,0.0001,74.8778
157,G. Lo Celso,40.0,1173967,0.0003,0.0001,0.0,0.0,0.0,0.0071,0.0002,0.0013,0.0002,0.0,0.0001,0.0015,0.0008,0.0005,0.0003,0.0003,0.0002,0.0,0.0,0.0,0.0,0.0,0.0,0.0,0.0,0.0002,0.0001,0.0001,0.0,0.0001,83.1444
159,G. Mancini,22.5,139915,0.0002,0.0001,0.0,0.0,0.0,0.0092,0.0001,0.0017,0.0003,0.0001,0.0004,0.0011,0.0006,0.0001,0.0001,0.0002,0.0004,0.0001,0.0,0.0,0.0,0.0,0.0,0.0,0.0,0.0003,0.0002,0.0,0.0001,0.0002,67.9444
160,G. Martins,20.0,216031,0.0002,0.0001,0.0,0.0,0.0,0.0031,0.0002,0.001,0.0001,0.0,0.0001,0.0012,0.0006,0.0005,0.0003,0.0002,0.0001,0.0,0.0,0.0,0.0,0.0,0.0,0.0,0.0,0.0001,0.0001,0.0,0.0,0.0,88.8556
161,G. Paulista,17.5,830644,0.0,0.0,0.0,0.0,0.0,0.0033,0.0,0.0006,0.0,0.0001,0.0002,0.0004,0.0002,0.0,0.0,0.0001,0.0001,0.0,0.0,0.0,0.0,0.0,0.0,0.0,0.0,0.0001,0.0001,0.0,0.0,0.0,111.1222
162,G. Piqué,20.0,18268574,0.0,0.0,0.0,0.0,0.0,0.0038,0.0,0.0004,0.0,0.0,0.0001,0.0003,0.0002,0.0,0.0,0.0,0.0,0.0,0.0,0.0,0.0,0.0,0.0,0.0,0.0,0.0001,0.0001,0.0,0.0,0.0,127.0667
163,G. Sigurdsson,22.5,232800,0.0002,0.0001,0.0,0.0,0.0,0.0027,0.0002,0.0009,0.0002,0.0,0.0001,0.0011,0.0005,0.0002,0.0001,0.0001,0.0001,0.0,0.0,0.0,0.0,0.0,0.0,0.0,0.0,0.0001,0.0001,0.0,0.0,0.0,92.0
164,G. Wijnaldum,40.0,4309592,0.0001,0.0,0.0,0.0,0.0,0.0029,0.0,0.0005,0.0001,0.0,0.0,0.0005,0.0003,0.0001,0.0001,0.0001,0.0,0.0,0.0,0.0,0.0,0.0,0.0,0.0,0.0,0.0001,0.0001,0.0,0.0,0.0,119.8111
165,G. Xhaka,24.0,2041052,0.0001,0.0,0.0,0.0,0.0,0.0047,0.0001,0.0005,0.0001,0.0,0.0001,0.0007,0.0003,0.0001,0.0,0.0001,0.0001,0.0,0.0,0.0,0.0,0.0,0.0,0.0,0.0,0.0001,0.0001,0.0,0.0,0.0,116.9222
166,H. Aouar,49.5,348189,0.0002,0.0001,0.0,0.0,0.0,0.0036,0.0001,0.0005,0.0001,0.0,0.0001,0.0007,0.0004,0.0003,0.0002,0.0001,0.0001,0.0,0.0,0.0,0.0,0.0,0.0,0.0,0.0,0.0001,0.0001,0.0,0.0,0.0,109.3
167,H. Barnes,17.5,74268,0.0005,0.0002,0.0,0.0,0.0,0.0033,0.0003,0.0018,0.0001,0.0,0.0,0.0016,0.0007,0.0006,0.0003,0.0002,0.0001,0.0,0.0,0.0,0.0,0.0,0.0,0.0,0.0,0.0002,0.0002,0.0,0.0001,0.0001,78.2
168,H. Bellerín,32.0,3075710,0.0001,0.0,0.0,0.0,0.0,0.0079,0.0001,0.0016,0.0002,0.0,0.0002,0.0015,0.0007,0.0003,0.0002,0.0001,0.0002,0.0,0.0,0.0,0.0,0.0,0.0,0.0,0.0,0.0002,0.0002,0.0,0.0,0.0,73.9667
169,H. Kane,120.0,9645540,0.0001,0.0,0.0,0.0,0.0,0.0004,0.0,0.0002,0.0,0.0,0.0,0.0003,0.0001,0.0001,0.0,0.0,0.0,0.0,0.0,0.0,0.0,0.0,0.0,0.0,0.0,0.0,0.0,0.0,0.0,0.0,161.5222
170,H. Lozano,28.0,1508469,0.0005,0.0002,0.0001,0.0,0.0,0.0025,0.0003,0.001,0.0001,0.0,0.0001,0.0015,0.0008,0.0005,0.0003,0.0004,0.0002,0.0,0.0,0.0,0.0,0.0,0.0,0.0,0.0,0.0002,0.0002,0.0,0.0001,0.0,82.3333
171,H. Maguire,56.0,1885986,0.0001,0.0,0.0,0.0,0.0,0.0031,0.0,0.0004,0.0001,0.0,0.0001,0.0006,0.0004,0.0001,0.0001,0.0,0.0001,0.0,0.0,0.0,0.0,0.0,0.0,0.0,0.0,0.0001,0.0001,0.0,0.0,0.0,120.5778
172,H. Mkhitaryan,20.0,2784521,0.0004,0.0001,0.0,0.0,0.0,0.0062,0.0003,0.0029,0.0002,0.0,0.0001,0.0016,0.0007,0.0005,0.0002,0.0002,0.0002,0.0,0.0,0.0,0.0,0.0,0.0,0.0,0.0,0.0002,0.0002,0.0001,0.0001,0.0001,75.3222
173,H. Wilson,17.5,407655,0.0005,0.0002,0.0001,0.0,0.0,0.004,0.0002,0.0013,0.0001,0.0,0.0001,0.0016,0.0008,0.0003,0.0001,0.0004,0.0001,0.0,0.0,0.0,0.0,0.0,0.0,0.0,0.0,0.0002,0.0002,0.0,0.0001,0.0,75.9333
174,H. Winks,32.0,473494,0.0001,0.0,0.0,0.0,0.0,0.011,0.0001,0.0021,0.0002,0.0,0.0002,0.0012,0.0006,0.0002,0.0002,0.0002,0.0001,0.0,0.0,0.0,0.0,0.0,0.0,0.0,0.0,0.0002,0.0002,0.0001,0.0001,0.0001,74.9778
175,H. Ziyech,40.0,3165227,0.0004,0.0001,0.0,0.0,0.0,0.0031,0.0003,0.0004,0.0001,0.0,0.0001,0.0008,0.0004,0.0004,0.0002,0.0001,0.0001,0.0,0.0,0.0,0.0,0.0,0.0,0.0,0.0,0.0001,0.0001,0.0,0.0,0.0,114.3889
176,Heung-Min Son,64.0,4118424,0.0003,0.0001,0.0001,0.0,0.0,0.0027,0.0001,0.001,0.0001,0.0,0.0,0.001,0.0004,0.0004,0.0002,0.0001,0.0001,0.0,0.0,0.0,0.0,0.0,0.0,0.0,0.0,0.0001,0.0001,0.0,0.0001,0.0,101.2111
177,I. Bennacer,17.5,1703476,0.0,0.0,0.0,0.0,0.0,0.0038,0.0001,0.0004,0.0002,0.0,0.0001,0.0006,0.0003,0.0002,0.0002,0.0001,0.0001,0.0,0.0,0.0,0.0,0.0,0.0,0.0,0.0,0.0001,0.0001,0.0,0.0,0.0,88.5
178,I. Diop,28.0,55282,0.0,0.0,0.0,0.0,0.0,0.0028,0.0,0.0005,0.0001,0.0001,0.0002,0.0007,0.0004,0.0,0.0,0.0001,0.0001,0.0,0.0,0.0,0.0,0.0,0.0,0.0,0.0,0.0001,0.0001,0.0,0.0,0.0,102.7333
179,I. Gueye,24.0,659000,0.0001,0.0,0.0,0.0,0.0,0.0059,0.0001,0.0008,0.0004,0.0,0.0002,0.001,0.0006,0.0001,0.0001,0.0001,0.0002,0.0,0.0,0.0,0.0,0.0,0.0,0.0,0.0,0.0001,0.0001,0.0,0.0,0.0,95.0889
180,I. Gündogan,40.0,2798933,0.0002,0.0001,0.0,0.0,0.0,0.008,0.0002,0.0012,0.0001,0.0,0.0001,0.0007,0.0004,0.0002,0.0001,0.0001,0.0001,0.0,0.0,0.0,0.0,0.0,0.0,0.0,0.0,0.0001,0.0001,0.0,0.0,0.0001,98.0778
181,I. Konaté,40.5,60767,0.0001,0.0,0.0,0.0,0.0,0.0074,0.0,0.0023,0.0002,0.0001,0.0004,0.0019,0.0013,0.0002,0.0001,0.0002,0.0003,0.0001,0.0,0.0,0.0,0.0,0.0,0.0,0.0,0.0003,0.0002,0.0,0.0,0.0001,65.1111
183,I. Perisic,17.5,1459347,0.0005,0.0002,0.0,0.0,0.0,0.0045,0.0003,0.0009,0.0001,0.0,0.0002,0.0016,0.0007,0.0003,0.0001,0.0001,0.0001,0.0,0.0,0.0,0.0,0.0,0.0,0.0,0.0,0.0002,0.0002,0.0,0.0,0.0,78.7778
184,I. Rakitic,20.0,17552517,0.0001,0.0,0.0,0.0,0.0,0.0064,0.0001,0.0006,0.0,0.0,0.0001,0.0006,0.0003,0.0001,0.0001,0.0001,0.0001,0.0,0.0,0.0,0.0,0.0,0.0,0.0,0.0,0.0001,0.0001,0.0,0.0,0.0,107.6111
185,I. Sarr,24.5,249665,0.0003,0.0001,0.0,0.0,0.0,0.0023,0.0002,0.0007,0.0001,0.0,0.0001,0.0018,0.0009,0.0006,0.0003,0.0004,0.0001,0.0,0.0,0.0,0.0,0.0,0.0,0.0,0.0,0.0002,0.0001,0.0,0.0001,0.0,82.5444
186,I. Williams,40.0,291718,0.0002,0.0001,0.0,0.0,0.0,0.0013,0.0001,0.0004,0.0,0.0,0.0,0.0008,0.0003,0.0003,0.0001,0.0001,0.0001,0.0,0.0,0.0,0.0,0.0,0.0,0.0,0.0,0.0001,0.0001,0.0,0.0,0.0,108.5333
187,I. Zubeldia,24.0,20695,0.0001,0.0,0.0,0.0,0.0,0.0065,0.0,0.0011,0.0001,0.0001,0.0002,0.001,0.0006,0.0001,0.0001,0.0001,0.0002,0.0,0.0,0.0,0.0,0.0,0.0,0.0,0.0,0.0002,0.0001,0.0,0.0,0.0001,81.3556
188,Isco,40.0,19487679,0.0005,0.0002,0.0001,0.0,0.0,0.0146,0.0005,0.0035,0.0001,0.0,0.0001,0.0025,0.0013,0.0008,0.0006,0.0006,0.0002,0.0,0.0,0.0,0.0,0.0,0.0,0.0,0.0,0.0004,0.0002,0.0001,0.0002,0.0002,65.2222
189,J. Alba,40.0,12699789,0.0,0.0,0.0,0.0,0.0,0.0049,0.0001,0.0005,0.0,0.0,0.0001,0.0004,0.0002,0.0001,0.0,0.0,0.0001,0.0,0.0,0.0,0.0,0.0,0.0,0.0,0.0,0.0001,0.0001,0.0,0.0,0.0,112.0
191,J. Bamba,16.0,55040,0.0002,0.0001,0.0,0.0,0.0,0.0028,0.0002,0.0004,0.0,0.0,0.0001,0.0008,0.0003,0.0003,0.0001,0.0002,0.0001,0.0,0.0,0.0,0.0,0.0,0.0,0.0,0.0,0.0001,0.0001,0.0,0.0,0.0,96.8889
192,J. Boga,16.0,1287,0.0004,0.0001,0.0001,0.0,0.0,0.0055,0.0003,0.0018,0.0,0.0,0.0001,0.0021,0.0012,0.0017,0.0011,0.0004,0.0001,0.0,0.0,0.0,0.0,0.0,0.0,0.0,0.0,0.0003,0.0002,0.0001,0.0001,0.0001,63.1444
193,J. Bowen,16.0,44053,0.0002,0.0001,0.0,0.0,0.0,0.0013,0.0001,0.0003,0.0,0.0,0.0001,0.0008,0.0003,0.0002,0.0001,0.0002,0.0001,0.0,0.0,0.0,0.0,0.0,0.0,0.0,0.0,0.0001,0.0001,0.0,0.0,0.0,115.1
194,J. Brandt,40.0,767487,0.0002,0.0001,0.0,0.0,0.0,0.0047,0.0003,0.0007,0.0001,0.0,0.0001,0.0008,0.0004,0.0004,0.0002,0.0001,0.0001,0.0,0.0,0.0,0.0,0.0,0.0,0.0,0.0,0.0001,0.0001,0.0,0.0001,0.0,95.7333
196,J. Corona_Por,20.0,524771,0.0001,0.0,0.0,0.0,0.0,0.0033,0.0002,0.0007,0.0001,0.0,0.0002,0.001,0.0005,0.0005,0.0003,0.0002,0.0002,0.0,0.0,0.0,0.0,0.0,0.0,0.0,0.0,0.0002,0.0001,0.0,0.0001,0.0,93.2444
197,J. Correa_Laz,30.5,626487,0.0012,0.0006,0.0001,0.0,0.0001,0.0115,0.0007,0.0038,0.0002,0.0,0.0001,0.0032,0.0015,0.0019,0.0011,0.0007,0.0004,0.0,0.0,0.0,0.0,0.0,0.0,0.0,0.0,0.0005,0.0004,0.0002,0.0001,0.0002,50.7444
199,J. Draxler,24.0,4083998,0.0002,0.0001,0.0,0.0,0.0,0.0087,0.0003,0.0017,0.0001,0.0,0.0001,0.0011,0.0005,0.0004,0.0003,0.0001,0.0002,0.0,0.0,0.0,0.0,0.0,0.0,0.0,0.0,0.0003,0.0002,0.0001,0.0001,0.0001,75.3111
201,J. Félix,81.0,3266789,0.001,0.0004,0.0002,0.0,0.0001,0.0072,0.0004,0.0034,0.0001,0.0,0.0001,0.0022,0.001,0.0007,0.0003,0.0008,0.0005,0.0001,0.0,0.0,0.0,0.0,0.0,0.0,0.0,0.0005,0.0004,0.0001,0.0003,0.0001,51.8444
202,J. Gayà,40.0,236227,0.0,0.0,0.0,0.0,0.0,0.0026,0.0001,0.0005,0.0001,0.0,0.0001,0.0006,0.0003,0.0001,0.0001,0.0001,0.0001,0.0,0.0,0.0,0.0,0.0,0.0,0.0,0.0,0.0001,0.0001,0.0,0.0,0.0,110.7667
203,J. Gbamin,22.5,44473,0.0003,0.0001,0.0,0.0,0.0,0.0083,0.0001,0.0015,0.0002,0.0001,0.0004,0.003,0.0016,0.0005,0.0003,0.0003,0.0003,0.0,0.0,0.0,0.0,0.0,0.0,0.0,0.0,0.0003,0.0002,0.0,0.0,0.0,63.5
204,J. Giménez,56.0,1272448,0.0,0.0,0.0,0.0,0.0,0.002,0.0,0.0006,0.0,0.0,0.0001,0.0005,0.0004,0.0,0.0,0.0001,0.0001,0.0,0.0,0.0,0.0,0.0,0.0,0.0,0.0,0.0001,0.0001,0.0,0.0,0.0,130.1333
205,J. Gomez,33.5,1574719,0.0,0.0,0.0,0.0,0.0,0.0103,0.0001,0.0022,0.0003,0.0001,0.0003,0.0013,0.0008,0.0001,0.0001,0.0001,0.0002,0.0,0.0,0.0,0.0,0.0,0.0,0.0,0.0,0.0002,0.0002,0.0,0.0,0.0001,74.4778
206,J. Grealish,30.5,739524,0.0003,0.0001,0.0,0.0,0.0,0.0054,0.0003,0.0007,0.0001,0.0,0.0001,0.0019,0.0012,0.0005,0.0003,0.0006,0.0001,0.0,0.0,0.0,0.0,0.0,0.0,0.0,0.0,0.0001,0.0001,0.0,0.0,0.0,86.8889
207,J. Henderson,28.0,3644529,0.0001,0.0,0.0,0.0,0.0,0.0063,0.0001,0.0009,0.0002,0.0,0.0001,0.0008,0.0004,0.0001,0.0,0.0,0.0001,0.0,0.0,0.0,0.0,0.0,0.0,0.0,0.0,0.0001,0.0001,0.0,0.0,0.0,98.2556
208,J. Ikoné,36.0,150264,0.0002,0.0001,0.0,0.0,0.0,0.0033,0.0002,0.0008,0.0001,0.0,0.0,0.0011,0.0004,0.0007,0.0004,0.0001,0.0001,0.0,0.0,0.0,0.0,0.0,0.0,0.0,0.0,0.0002,0.0002,0.0,0.0001,0.0001,77.1778
209,J. Kimmich,64.0,2775568,0.0,0.0,0.0,0.0,0.0,0.0037,0.0001,0.0004,0.0,0.0,0.0001,0.0003,0.0002,0.0001,0.0,0.0001,0.0,0.0,0.0,0.0,0.0,0.0,0.0,0.0,0.0,0.0001,0.0001,0.0,0.0,0.0,131.2667
210,J. Kluivert,22.5,810572,0.0004,0.0002,0.0001,0.0,0.0,0.0044,0.0003,0.0017,0.0002,0.0,0.0001,0.0017,0.0008,0.0008,0.0004,0.0003,0.0003,0.0,0.0,0.0,0.0,0.0,0.0,0.0,0.0,0.0003,0.0002,0.0001,0.0001,0.0001,71.6222
211,J. Koundé,22.5,1673,0.0001,0.0,0.0,0.0,0.0,0.0046,0.0,0.0006,0.0001,0.0,0.0001,0.0006,0.0004,0.0,0.0,0.0,0.0001,0.0,0.0,0.0,0.0,0.0,0.0,0.0,0.0,0.0001,0.0001,0.0,0.0,0.0,92.1111
212,J. Lerma,20.0,50213,0.0002,0.0,0.0,0.0,0.0,0.0068,0.0001,0.0007,0.0002,0.0001,0.0003,0.0021,0.0012,0.0002,0.0001,0.0003,0.0003,0.0001,0.0,0.0,0.0,0.0,0.0,0.0,0.0,0.0002,0.0002,0.0,0.0,0.0,76.4222
213,J. Lingard,17.5,6670002,0.0004,0.0001,0.0,0.0,0.0,0.0066,0.0002,0.0026,0.0002,0.0,0.0001,0.0015,0.0006,0.0003,0.0002,0.0002,0.0003,0.0,0.0,0.0,0.0,0.0,0.0,0.0,0.0,0.0003,0.0002,0.0001,0.0001,0.0001,76.0222
214,J. Maddison,48.0,788064,0.0002,0.0001,0.0,0.0,0.0,0.0033,0.0002,0.0005,0.0001,0.0,0.0,0.0009,0.0005,0.0002,0.0002,0.0002,0.0001,0.0,0.0,0.0,0.0,0.0,0.0,0.0,0.0,0.0001,0.0001,0.0,0.0,0.0,110.1111
215,J. Mateta,17.5,217,0.0007,0.0003,0.0001,0.0,0.0,0.0023,0.0002,0.0007,0.0,0.0,0.0,0.0032,0.0014,0.0005,0.0002,0.0003,0.0003,0.0,0.0,0.0,0.0,0.0,0.0,0.0,0.0,0.0003,0.0002,0.0001,0.0001,0.0001,68.5556
216,J. Matip,32.0,111143,0.0001,0.0,0.0,0.0,0.0,0.0139,0.0001,0.0027,0.0003,0.0001,0.0004,0.0018,0.0012,0.0001,0.0,0.0001,0.0002,0.0,0.0,0.0,0.0,0.0,0.0,0.0,0.0,0.0003,0.0002,0.0,0.0,0.0001,67.5556
217,J. Oblak,80.0,1301930,0.0,0.0,0.0,0.0,0.0,0.0006,0.0,0.0002,0.0,0.0,0.0,0.0,0.0,0.0,0.0,0.0,0.0,0.0,0.0,0.0,0.0,0.0,0.0,0.0,0.0,0.0001,0.0001,0.0,0.0,0.0,130.4
219,J. Pickford,28.0,606545,0.0,0.0,0.0,0.0001,0.0,0.0009,0.0,0.0002,0.0,0.0,0.0,0.0,0.0,0.0,0.0,0.0,0.0,0.0,0.0,0.0,0.0,0.0,0.0,0.0,0.0,0.0001,0.0001,0.0,0.0,0.0,126.6667
221,J. Rodríguez,32.0,45619171,0.0,0.0,0.0,0.0,0.0,0.0003,0.0,0.0001,0.0,0.0,0.0,0.0,0.0,0.0,0.0,0.0,0.0,0.0,0.0,0.0,0.0,0.0,0.0,0.0,0.0,0.0,0.0,0.0,0.0,0.0,312.3444
222,J. Sancho,117.0,4253514,0.0003,0.0001,0.0001,0.0,0.0001,0.0073,0.0004,0.0013,0.0001,0.0,0.0001,0.0011,0.0006,0.001,0.0005,0.0002,0.0,0.0,0.0,0.0,0.0,0.0,0.0,0.0,0.0,0.0002,0.0002,0.0001,0.0001,0.0001,76.7556
223,J. Stones,36.0,772639,0.0001,0.0,0.0,0.0,0.0,0.0171,0.0001,0.0033,0.0002,0.0001,0.0002,0.0013,0.0009,0.0001,0.0001,0.0001,0.0001,0.0,0.0,0.0,0.0,0.0,0.0,0.0,0.0,0.0003,0.0002,0.0,0.0,0.0001,69.0778
224,J. Tah,29.5,178394,0.0,0.0,0.0,0.0,0.0,0.0061,0.0,0.0008,0.0001,0.0,0.0001,0.0005,0.0003,0.0001,0.0,0.0,0.0001,0.0,0.0,0.0,0.0,0.0,0.0,0.0,0.0,0.0001,0.0001,0.0,0.0,0.0,100.8667
225,J. Tarkowski,20.0,23274,0.0,0.0,0.0,0.0,0.0,0.002,0.0,0.0002,0.0001,0.0001,0.0001,0.001,0.0006,0.0,0.0,0.0001,0.0001,0.0,0.0,0.0,0.0,0.0,0.0,0.0,0.0,0.0001,0.0001,0.0,0.0,0.0,104.2778
226,J. Vardy,16.0,1198681,0.0002,0.0001,0.0001,0.0,0.0,0.0009,0.0001,0.0005,0.0,0.0,0.0,0.0009,0.0003,0.0001,0.0001,0.0001,0.0001,0.0,0.0,0.0,0.0,0.0,0.0,0.0,0.0,0.0001,0.0001,0.0,0.0,0.0,99.5222
227,J. Veretout,20.0,109424,0.0001,0.0,0.0,0.0,0.0,0.0044,0.0002,0.0006,0.0001,0.0,0.0001,0.0007,0.0003,0.0001,0.0001,0.0001,0.0001,0.0,0.0,0.0,0.0,0.0,0.0,0.0,0.0,0.0001,0.0001,0.0,0.0,0.0,102.1778
228,J. Weigl,18.5,641544,0.0001,0.0,0.0,0.0,0.0,0.0098,0.0,0.0022,0.0002,0.0,0.0002,0.0011,0.0006,0.0001,0.0001,0.0002,0.0002,0.0,0.0,0.0,0.0,0.0,0.0,0.0,0.0,0.0002,0.0002,0.0,0.0,0.0001,78.7111
230,Joelinton,20.0,106490,0.0004,0.0001,0.0,0.0,0.0,0.0032,0.0002,0.0009,0.0001,0.0,0.0001,0.0029,0.0012,0.0005,0.0003,0.0002,0.0003,0.0,0.0,0.0,0.0,0.0,0.0,0.0,0.0,0.0002,0.0002,0.0,0.0001,0.0,80.5333
231,Jorginho,52.0,1264695,0.0,0.0,0.0,0.0,0.0,0.0041,0.0001,0.0005,0.0001,0.0,0.0001,0.0005,0.0002,0.0001,0.0,0.0001,0.0001,0.0,0.0,0.0,0.0,0.0,0.0,0.0,0.0,0.0001,0.0001,0.0,0.0,0.0,132.5222
233,K. Benzema,32.0,34233539,0.0003,0.0001,0.0,0.0,0.0,0.0025,0.0001,0.0007,0.0,0.0,0.0,0.0005,0.0002,0.0002,0.0001,0.0,0.0001,0.0,0.0,0.0,0.0,0.0,0.0,0.0,0.0,0.0001,0.0001,0.0,0.0,0.0,111.2556
234,K. Coman,40.0,1100456,0.0006,0.0003,0.0001,0.0,0.0001,0.009,0.0005,0.0031,0.0001,0.0,0.0001,0.0027,0.0014,0.0016,0.001,0.0005,0.0002,0.0,0.0,0.0,0.0,0.0,0.0,0.0,0.0,0.0004,0.0003,0.0001,0.0002,0.0001,62.2778
235,K. De Bruyne,120.0,11099793,0.0003,0.0001,0.0,0.0,0.0001,0.006,0.0004,0.001,0.0002,0.0,0.0001,0.001,0.0005,0.0003,0.0002,0.0001,0.0001,0.0,0.0,0.0,0.0,0.0,0.0,0.0,0.0,0.0001,0.0001,0.0,0.0001,0.0,97.4222
236,K. Demirbay,19.0,0,0.0004,0.0001,0.0,0.0,0.0001,0.0085,0.0005,0.0023,0.0002,0.0,0.0002,0.0019,0.0009,0.0006,0.0004,0.0002,0.0004,0.0001,0.0,0.0,0.0,0.0,0.0,0.0,0.0,0.0002,0.0002,0.0,0.0001,0.0001,73.6444
237,K. Diatta,16.0,197203,0.0,0.0,0.0001,0.0,0.0,0.0008,0.0001,0.002,0.0001,0.0,0.0,0.0001,0.0001,0.0002,0.0001,0.0,0.0001,0.0001,0.0,0.0,0.0,0.0,0.0,0.0,0.0,0.0004,0.0003,0.0001,0.0001,0.0001,55.7111
238,K. Dolberg,81.0,390778,0.0005,0.0003,0.0001,0.0,0.0,0.0023,0.0002,0.002,0.0001,0.0,0.0001,0.0011,0.0005,0.0003,0.0001,0.0003,0.0003,0.0,0.0,0.0,0.0,0.0,0.0,0.0,0.0,0.0003,0.0002,0.0001,0.0001,0.0001,67.3556
239,K. Havertz,17.5,767485,0.0002,0.0001,0.0,0.0,0.0,0.004,0.0001,0.0007,0.0001,0.0,0.0,0.0009,0.0004,0.0003,0.0001,0.0001,0.0001,0.0,0.0,0.0,0.0,0.0,0.0,0.0,0.0,0.0001,0.0001,0.0,0.0,0.0,102.5222
240,K. Kampl,56.0,170960,0.0001,0.0,0.0,0.0,0.0,0.0061,0.0002,0.0023,0.0001,0.0,0.0002,0.0008,0.0004,0.0002,0.0001,0.0,0.0001,0.0,0.0,0.0,0.0,0.0,0.0,0.0,0.0,0.0002,0.0002,0.0,0.0001,0.0001,74.7222
241,K. Koulibaly,24.0,1443167,0.0,0.0,0.0,0.0,0.0,0.0054,0.0,0.0006,0.0001,0.0001,0.0001,0.0005,0.0003,0.0,0.0,0.0,0.0001,0.0,0.0,0.0,0.0,0.0,0.0,0.0,0.0,0.0001,0.0001,0.0,0.0,0.0,111.4111
242,K. Laimer,32.0,32064,0.0001,0.0,0.0,0.0,0.0,0.0048,0.0001,0.0013,0.0003,0.0,0.0002,0.0014,0.0007,0.0003,0.0002,0.0001,0.0003,0.0,0.0,0.0,0.0,0.0,0.0,0.0,0.0,0.0002,0.0001,0.0,0.0001,0.0001,83.0889
243,K. Manolas,21.5,602431,0.0001,0.0,0.0,0.0,0.0,0.0041,0.0,0.0007,0.0001,0.0001,0.0001,0.0005,0.0003,0.0,0.0,0.0001,0.0001,0.0,0.0,0.0,0.0,0.0,0.0,0.0,0.0,0.0001,0.0001,0.0,0.0,0.0,100.9889
244,K. Mbappé,180.0,40807990,0.0003,0.0001,0.0001,0.0,0.0,0.0016,0.0001,0.0006,0.0,0.0,0.0,0.0004,0.0002,0.0003,0.0002,0.0001,0.0,0.0,0.0,0.0,0.0,0.0,0.0,0.0,0.0,0.0001,0.0001,0.0,0.0,0.0,108.3
246,K. Tierney,28.0,587798,0.0,0.0,0.0,0.0,0.0,0.0014,0.0,0.0007,0.0,0.0,0.0001,0.0002,0.0001,0.0001,0.0,0.0,0.0,0.0,0.0,0.0,0.0,0.0,0.0,0.0,0.0,0.0001,0.0001,0.0,0.0,0.0,93.6
247,K. Trippier,28.0,691216,0.0,0.0,0.0,0.0,0.0,0.0051,0.0003,0.001,0.0002,0.0,0.0001,0.0008,0.0005,0.0001,0.0001,0.0001,0.0001,0.0,0.0,0.0,0.0,0.0,0.0,0.0,0.0,0.0001,0.0001,0.0,0.0,0.0,91.4556
248,K. Volland,40.0,176399,0.0002,0.0001,0.0,0.0,0.0,0.002,0.0001,0.0007,0.0,0.0,0.0,0.0008,0.0003,0.0002,0.0001,0.0002,0.0002,0.0,0.0,0.0,0.0,0.0,0.0,0.0,0.0,0.0001,0.0001,0.0,0.0,0.0,99.0889
249,K. Walker_City,28.0,1786433,0.0,0.0,0.0,0.0,0.0,0.0048,0.0001,0.0006,0.0001,0.0,0.0001,0.0005,0.0003,0.0001,0.0001,0.0,0.0001,0.0,0.0,0.0,0.0,0.0,0.0,0.0,0.0,0.0001,0.0001,0.0,0.0,0.0,116.2444
250,K. Zouma,32.0,1500587,0.0001,0.0,0.0,0.0,0.0,0.0045,0.0,0.001,0.0001,0.0001,0.0002,0.0008,0.0005,0.0001,0.0,0.0001,0.0001,0.0,0.0,0.0,0.0,0.0,0.0,0.0,0.0,0.0001,0.0001,0.0,0.0,0.0,98.4
251,Kepa,24.0,1315497,0.0,0.0,0.0,0.0001,0.0,0.0016,0.0,0.0004,0.0,0.0,0.0,0.0,0.0,0.0,0.0,0.0,0.0,0.0,0.0,0.0,0.0,0.0,0.0,0.0,0.0,0.0001,0.0001,0.0,0.0,0.0,119.0
252,Koke_ATM,48.0,2099960,0.0001,0.0,0.0,0.0,0.0,0.0043,0.0001,0.0006,0.0001,0.0,0.0001,0.0006,0.0003,0.0001,0.0,0.0001,0.0001,0.0,0.0,0.0,0.0,0.0,0.0,0.0,0.0,0.0001,0.0001,0.0,0.0,0.0,113.1556
253,L. Alberto,44.0,274929,0.0003,0.0001,0.0,0.0,0.0,0.0055,0.0004,0.0008,0.0001,0.0,0.0001,0.0009,0.0004,0.0003,0.0002,0.0001,0.0001,0.0,0.0,0.0,0.0,0.0,0.0,0.0,0.0,0.0001,0.0001,0.0,0.0001,0.0,92.7222
254,L. Bailey,29.5,516622,0.0006,0.0002,0.0001,0.0,0.0,0.0056,0.0005,0.002,0.0001,0.0,0.0001,0.002,0.0009,0.0009,0.0005,0.0003,0.0002,0.0,0.0,0.0,0.0,0.0,0.0,0.0,0.0,0.0003,0.0002,0.0001,0.0001,0.0001,68.5667
255,L. Bonucci,20.0,4299209,0.0,0.0,0.0,0.0,0.0,0.0034,0.0,0.0004,0.0,0.0,0.0001,0.0002,0.0001,0.0,0.0,0.0,0.0,0.0,0.0,0.0,0.0,0.0,0.0,0.0,0.0,0.0001,0.0001,0.0,0.0,0.0,124.1778
256,L. Cook,16.0,40819,0.0003,0.0,0.0,0.0,0.0,0.0146,0.0003,0.0035,0.0008,0.0001,0.0005,0.0041,0.0019,0.0009,0.0006,0.0003,0.0005,0.0001,0.0,0.0,0.0,0.0,0.0,0.0,0.0,0.0005,0.0004,0.0001,0.0001,0.0002,50.5556
257,L. Dendoncker,22.5,1035,0.0,0.0,0.0,0.0,0.0,0.0022,0.0,0.0006,0.0001,0.0,0.0001,0.0006,0.0003,0.0,0.0,0.0,0.0001,0.0,0.0,0.0,0.0,0.0,0.0,0.0,0.0,0.0001,0.0001,0.0,0.0,0.0,103.5333
258,L. Digne,28.0,1964483,0.0001,0.0,0.0,0.0,0.0,0.0057,0.0003,0.0014,0.0003,0.0,0.0002,0.0015,0.0009,0.0002,0.0001,0.0001,0.0002,0.0,0.0,0.0,0.0,0.0,0.0,0.0,0.0,0.0002,0.0002,0.0,0.0,0.0001,79.6222
259,L. Goretzka,16.0,1054771,0.0005,0.0002,0.0001,0.0,0.0,0.0074,0.0002,0.0018,0.0002,0.0,0.0003,0.0018,0.0009,0.0002,0.0001,0.0003,0.0003,0.0,0.0,0.0,0.0,0.0,0.0,0.0,0.0,0.0003,0.0002,0.0001,0.0001,0.0001,71.9889
260,L. Hernández,40.0,1473474,0.0,0.0,0.0,0.0,0.0,0.0018,0.0,0.0007,0.0,0.0,0.0,0.0,0.0,0.0,0.0,0.0,0.0,0.0001,0.0,0.0,0.0,0.0,0.0,0.0,0.0,0.0002,0.0002,0.0,0.0,0.0001,73.7
261,L. Insigne,56.0,1333439,0.0004,0.0001,0.0,0.0,0.0,0.0044,0.0002,0.0008,0.0,0.0,0.0001,0.0005,0.0002,0.0003,0.0002,0.0001,0.0,0.0,0.0,0.0,0.0,0.0,0.0,0.0,0.0,0.0001,0.0001,0.0,0.0,0.0,105.7333
263,L. Klostermann,32.0,52955,0.0,0.0,0.0,0.0,0.0,0.0031,0.0001,0.0007,0.0001,0.0,0.0001,0.0005,0.0003,0.0001,0.0,0.0,0.0,0.0,0.0,0.0,0.0,0.0,0.0,0.0,0.0,0.0001,0.0001,0.0,0.0,0.0,104.5556
264,L. Martínez_inter,64.0,163301,0.001,0.0004,0.0001,0.0,0.0,0.0023,0.0002,0.0019,0.0001,0.0,0.0001,0.002,0.0009,0.0006,0.0003,0.0006,0.0005,0.0001,0.0,0.0,0.0,0.0,0.0,0.0,0.0,0.0003,0.0002,0.0001,0.0001,0.0001,66.5111
265,L. Messi,112.0,154554857,0.0004,0.0002,0.0001,0.0,0.0,0.0033,0.0002,0.0004,0.0,0.0,0.0,0.0008,0.0004,0.0005,0.0004,0.0002,0.0,0.0,0.0,0.0,0.0,0.0,0.0,0.0,0.0,0.0001,0.0001,0.0,0.0,0.0,119.6889
266,L. Milivojevic,20.0,120595,0.0001,0.0001,0.0,0.0,0.0,0.0043,0.0001,0.0006,0.0002,0.0,0.0002,0.0011,0.0005,0.0001,0.0001,0.0001,0.0002,0.0,0.0,0.0,0.0,0.0,0.0,0.0,0.0,0.0001,0.0001,0.0,0.0,0.0,98.4111
267,L. Morón,16.0,83982,0.0007,0.0003,0.0001,0.0,0.0,0.0028,0.0002,0.002,0.0001,0.0,0.0001,0.0024,0.001,0.0005,0.0002,0.0006,0.0004,0.0,0.0,0.0,0.0,0.0,0.0,0.0,0.0,0.0004,0.0003,0.0001,0.0001,0.0002,60.8222
268,L. Moura,32.0,4417592,0.0005,0.0002,0.0001,0.0,0.0,0.0049,0.0003,0.0029,0.0003,0.0,0.0002,0.0031,0.0015,0.0009,0.0006,0.0004,0.0002,0.0,0.0,0.0,0.0,0.0,0.0,0.0,0.0,0.0003,0.0002,0.0001,0.0001,0.0002,69.8111
269,L. Ocampos,32.0,362745,0.0002,0.0001,0.0,0.0,0.0,0.0019,0.0001,0.0005,0.0001,0.0,0.0001,0.0014,0.0007,0.0004,0.0002,0.0002,0.0002,0.0,0.0,0.0,0.0,0.0,0.0,0.0,0.0,0.0001,0.0001,0.0,0.0,0.0,103.5
271,L. Paredes,20.0,1628214,0.0002,0.0001,0.0,0.0,0.0,0.0074,0.0002,0.0012,0.0001,0.0,0.0001,0.0008,0.0004,0.0001,0.0001,0.0002,0.0002,0.0,0.0,0.0,0.0,0.0,0.0,0.0,0.0,0.0001,0.0001,0.0,0.0,0.0,90.5556
272,L. Pellegrini_ASR,32.0,378548,0.0005,0.0002,0.0,0.0,0.0001,0.0072,0.0006,0.002,0.0002,0.0,0.0002,0.0017,0.0008,0.0004,0.0002,0.0003,0.0003,0.0,0.0,0.0,0.0,0.0,0.0,0.0,0.0,0.0003,0.0002,0.0001,0.0001,0.0001,70.6556
273,L. Sané,80.0,5114615,0.0003,0.0001,0.0001,0.0,0.0001,0.0052,0.0003,0.0017,0.0001,0.0,0.0001,0.0017,0.0008,0.0007,0.0004,0.0001,0.0001,0.0,0.0,0.0,0.0,0.0,0.0,0.0,0.0,0.0002,0.0002,0.0001,0.0001,0.0001,81.5556
274,L. Shaw,17.5,2862273,0.0001,0.0,0.0,0.0,0.0,0.0081,0.0002,0.0021,0.0003,0.0001,0.0002,0.0014,0.0008,0.0002,0.0002,0.0001,0.0002,0.0001,0.0,0.0,0.0,0.0,0.0,0.0,0.0,0.0002,0.0002,0.0,0.0,0.0001,76.3556
275,L. Suárez,28.0,37921733,0.0001,0.0,0.0,0.0,0.0,0.0003,0.0,0.0001,0.0,0.0,0.0,0.0001,0.0001,0.0,0.0,0.0,0.0,0.0,0.0,0.0,0.0,0.0,0.0,0.0,0.0,0.0,0.0,0.0,0.0,0.0,224.9556
276,L. Torreira,36.0,1267083,0.0001,0.0,0.0,0.0,0.0,0.0058,0.0001,0.0011,0.0001,0.0,0.0002,0.0012,0.0007,0.0001,0.0001,0.0003,0.0001,0.0,0.0,0.0,0.0,0.0,0.0,0.0,0.0,0.0001,0.0001,0.0,0.0,0.0,93.7
277,L. Tousart,16.0,116295,0.0001,0.0,0.0,0.0,0.0,0.0039,0.0,0.0007,0.0002,0.0,0.0002,0.0006,0.0003,0.0001,0.0001,0.0001,0.0002,0.0,0.0,0.0,0.0,0.0,0.0,0.0,0.0,0.0001,0.0001,0.0,0.0,0.0,108.2889
278,L. Vázquez,16.0,789641,0.0004,0.0002,0.0001,0.0,0.0001,0.0095,0.0005,0.0033,0.0003,0.0,0.0001,0.0029,0.0014,0.0007,0.0004,0.0005,0.0005,0.0,0.0,0.0,0.0,0.0,0.0,0.0,0.0,0.0004,0.0002,0.0002,0.0001,0.0002,66.6667
280,Luiz Felipe,32.0,79400,0.0001,0.0,0.0,0.0,0.0,0.0104,0.0,0.0029,0.0003,0.0002,0.0005,0.0015,0.0009,0.0001,0.0001,0.0002,0.0003,0.0001,0.0,0.0,0.0,0.0,0.0,0.0,0.0,0.0003,0.0002,0.0,0.0,0.0002,64.4667
281,M Skriniar,48.0,706256,0.0,0.0,0.0,0.0,0.0,0.0043,0.0,0.0005,0.0001,0.0,0.0001,0.0005,0.0003,0.0,0.0,0.0001,0.0001,0.0,0.0,0.0,0.0,0.0,0.0,0.0,0.0,0.0001,0.0001,0.0,0.0,0.0,117.5556
282,M. Aarons,20.0,66558,0.0001,0.0,0.0,0.0,0.0,0.0064,0.0002,0.0008,0.0002,0.0001,0.0002,0.0017,0.0009,0.0005,0.0003,0.0003,0.0001,0.0,0.0,0.0,0.0,0.0,0.0,0.0,0.0,0.0002,0.0002,0.0,0.0,0.0,71.1889
283,M. Akanji,20.0,231334,0.0,0.0,0.0,0.0,0.0,0.0046,0.0,0.0006,0.0001,0.0,0.0001,0.0003,0.0002,0.0,0.0,0.0001,0.0,0.0,0.0,0.0,0.0,0.0,0.0,0.0,0.0,0.0001,0.0001,0.0,0.0,0.0,104.7778
285,M. Alonso,20.0,1526522,0.0002,0.0001,0.0,0.0,0.0,0.0044,0.0001,0.001,0.0002,0.0,0.0001,0.001,0.0005,0.0001,0.0001,0.0001,0.0001,0.0,0.0,0.0,0.0,0.0,0.0,0.0,0.0,0.0001,0.0001,0.0,0.0,0.0,98.8667
286,M. Arambarri,20.0,16759,0.0001,0.0,0.0,0.0,0.0,0.0022,0.0001,0.0006,0.0001,0.0,0.0002,0.0011,0.0005,0.0002,0.0001,0.0002,0.0003,0.0,0.0,0.0,0.0,0.0,0.0,0.0,0.0,0.0001,0.0001,0.0,0.0,0.0,87.3667
287,M. Asensio,32.0,12261348,0.0009,0.0004,0.0001,0.0,0.0001,0.0145,0.0007,0.0038,0.0001,0.0,0.0002,0.0025,0.0013,0.0008,0.0006,0.0004,0.0002,0.0,0.0,0.0,0.0,0.0,0.0,0.0,0.0,0.0005,0.0003,0.0002,0.0001,0.0003,56.6667
288,M. Bartra,17.5,6684354,0.0001,0.0,0.0,0.0,0.0,0.0078,0.0,0.0008,0.0002,0.0001,0.0002,0.0011,0.0007,0.0001,0.0001,0.0002,0.0001,0.0,0.0,0.0,0.0,0.0,0.0,0.0,0.0,0.0001,0.0001,0.0,0.0,0.0,84.5333
291,M. Brozovic,48.0,872415,0.0002,0.0,0.0,0.0,0.0,0.008,0.0002,0.0011,0.0002,0.0,0.0002,0.0009,0.0004,0.0001,0.0001,0.0001,0.0002,0.0,0.0,0.0,0.0,0.0,0.0,0.0,0.0,0.0001,0.0001,0.0,0.0,0.0,92.2778
293,M. Dembélé_Lyn,40.0,283230,0.0006,0.0002,0.0001,0.0,0.0,0.0024,0.0002,0.0013,0.0001,0.0,0.0,0.0008,0.0004,0.0004,0.0002,0.0002,0.0003,0.0,0.0,0.0,0.0,0.0,0.0,0.0,0.0,0.0003,0.0002,0.0001,0.0001,0.0001,68.3222
295,M. Depay,44.0,9807267,0.0003,0.0001,0.0,0.0,0.0,0.0026,0.0003,0.0004,0.0,0.0,0.0,0.0007,0.0003,0.0003,0.0002,0.0001,0.0001,0.0,0.0,0.0,0.0,0.0,0.0,0.0,0.0,0.0001,0.0001,0.0,0.0,0.0,101.9778
297,M. Diakhaby,17.5,72468,0.0001,0.0,0.0,0.0,0.0,0.0086,0.0,0.0025,0.0001,0.0002,0.0003,0.0011,0.0007,0.0001,0.0001,0.0002,0.0002,0.0001,0.0,0.0,0.0,0.0,0.0,0.0,0.0,0.0003,0.0002,0.0001,0.0,0.0002,66.0444
298,M. Fernandes,24.0,1810,0.0001,0.0,0.0,0.0,0.0,0.0033,0.0001,0.0005,0.0001,0.0,0.0001,0.0008,0.0005,0.0001,0.0001,0.0001,0.0001,0.0,0.0,0.0,0.0,0.0,0.0,0.0,0.0,0.0001,0.0001,0.0,0.0,0.0,100.4556
300,M. Guendouzi,40.5,913272,0.0002,0.0,0.0,0.0,0.0,0.0095,0.0001,0.0017,0.0002,0.0,0.0002,0.0016,0.0009,0.0003,0.0002,0.0004,0.0002,0.0001,0.0,0.0,0.0,0.0,0.0,0.0,0.0,0.0002,0.0002,0.0001,0.0,0.0001,76.4889
301,M. Gómez,32.0,137169,0.0003,0.0001,0.0,0.0,0.0,0.0015,0.0001,0.0006,0.0,0.0,0.0,0.0012,0.0005,0.0001,0.0,0.0003,0.0002,0.0,0.0,0.0,0.0,0.0,0.0,0.0,0.0,0.0001,0.0001,0.0,0.0,0.0,92.9889
302,M. Halstenberg,17.5,43758,0.0002,0.0001,0.0,0.0,0.0,0.0051,0.0002,0.0011,0.0002,0.0,0.0002,0.0011,0.0007,0.0002,0.0001,0.0001,0.0001,0.0,0.0,0.0,0.0,0.0,0.0,0.0,0.0,0.0001,0.0001,0.0,0.0,0.0,85.0667
303,M. Hummels,24.0,3051209,0.0001,0.0,0.0,0.0,0.0,0.0057,0.0,0.0006,0.0001,0.0,0.0002,0.0006,0.0004,0.0001,0.0,0.0,0.0001,0.0,0.0,0.0,0.0,0.0,0.0,0.0,0.0,0.0001,0.0001,0.0,0.0,0.0,106.8444
304,M. Icardi,60.0,6510041,0.0004,0.0002,0.0001,0.0,0.0,0.0013,0.0001,0.0009,0.0,0.0,0.0,0.0006,0.0003,0.0001,0.0,0.0001,0.0001,0.0,0.0,0.0,0.0,0.0,0.0,0.0,0.0,0.0001,0.0001,0.0,0.0,0.0,89.5778
307,M. Keane,20.0,122044,0.0001,0.0,0.0,0.0,0.0,0.0041,0.0,0.0008,0.0001,0.0001,0.0002,0.0012,0.0007,0.0,0.0,0.0,0.0001,0.0,0.0,0.0,0.0,0.0,0.0,0.0,0.0,0.0001,0.0001,0.0,0.0,0.0,93.4
308,M. Kovacic,36.0,4180800,0.0003,0.0,0.0,0.0,0.0,0.0177,0.0003,0.0032,0.0005,0.0,0.0002,0.0027,0.0016,0.0009,0.0008,0.0005,0.0002,0.0001,0.0,0.0,0.0,0.0,0.0,0.0,0.0,0.0003,0.0003,0.0001,0.0001,0.0001,63.1444
311,M. Maignan,17.5,111840,0.0,0.0,0.0,0.0001,0.0,0.0011,0.0,0.0002,0.0,0.0,0.0,0.0,0.0,0.0,0.0,0.0,0.0,0.0,0.0,0.0,0.0,0.0,0.0,0.0,0.0,0.0001,0.0001,0.0,0.0,0.0,114.5
312,M. Marega,19.0,428775,0.0002,0.0001,0.0,0.0,0.0,0.0009,0.0001,0.0004,0.0,0.0,0.0,0.0007,0.0003,0.0002,0.0001,0.0001,0.0001,0.0,0.0,0.0,0.0,0.0,0.0,0.0,0.0,0.0001,0.0001,0.0,0.0,0.0,103.2444
313,M. Merino,24.0,114551,0.0004,0.0001,0.0,0.0,0.0,0.0128,0.0003,0.0018,0.0006,0.0,0.0005,0.0027,0.0013,0.0006,0.0004,0.0006,0.0008,0.0001,0.0,0.0,0.0,0.0,0.0,0.0,0.0,0.0004,0.0003,0.0001,0.0001,0.0001,54.6778
314,M. Mount,40.5,917086,0.0002,0.0001,0.0,0.0,0.0,0.0023,0.0002,0.0006,0.0001,0.0,0.0,0.0008,0.0003,0.0002,0.0001,0.0001,0.0001,0.0,0.0,0.0,0.0,0.0,0.0,0.0,0.0,0.0001,0.0001,0.0,0.0,0.0,106.8667
315,M. Oyarzabal,48.0,67986,0.0002,0.0001,0.0,0.0,0.0,0.002,0.0001,0.0004,0.0001,0.0,0.0,0.0008,0.0003,0.0003,0.0001,0.0001,0.0001,0.0,0.0,0.0,0.0,0.0,0.0,0.0,0.0,0.0001,0.0001,0.0,0.0,0.0,105.3778
316,M. Pjanic,52.0,5158815,0.0001,0.0,0.0,0.0,0.0,0.0063,0.0002,0.0007,0.0001,0.0,0.0002,0.0006,0.0003,0.0001,0.0001,0.0001,0.0001,0.0,0.0,0.0,0.0,0.0,0.0,0.0,0.0,0.0001,0.0001,0.0,0.0,0.0,102.3
317,M. Politano,22.5,422865,0.0005,0.0001,0.0,0.0,0.0,0.0042,0.0004,0.0017,0.0,0.0,0.0001,0.0015,0.0007,0.0006,0.0003,0.0003,0.0001,0.0,0.0,0.0,0.0,0.0,0.0,0.0,0.0,0.0002,0.0002,0.0001,0.0001,0.0001,78.4667
318,M. Rashford,64.0,8377022,0.0004,0.0002,0.0001,0.0,0.0,0.0022,0.0001,0.001,0.0001,0.0,0.0,0.0012,0.0005,0.0004,0.0002,0.0002,0.0001,0.0,0.0,0.0,0.0,0.0,0.0,0.0,0.0,0.0001,0.0001,0.0,0.0001,0.0001,96.8889
319,M. Rashica,28.0,283652,0.0004,0.0002,0.0001,0.0,0.0,0.0023,0.0002,0.0011,0.0001,0.0,0.0001,0.0014,0.0006,0.0006,0.0003,0.0003,0.0002,0.0,0.0,0.0,0.0,0.0,0.0,0.0,0.0,0.0002,0.0002,0.0,0.0001,0.0001,80.1111
320,M. Reus,32.0,8519824,0.0005,0.0003,0.0001,0.0,0.0,0.0061,0.0003,0.0018,0.0002,0.0,0.0001,0.0014,0.0006,0.0005,0.0002,0.0002,0.0002,0.0,0.0,0.0,0.0,0.0,0.0,0.0,0.0,0.0002,0.0002,0.0,0.0001,0.0,70.6444
321,M. Roca,16.0,34822,0.0002,0.0,0.0,0.0,0.0,0.0084,0.0001,0.0015,0.0003,0.0001,0.0002,0.0011,0.0005,0.0002,0.0001,0.0001,0.0004,0.0,0.0,0.0,0.0,0.0,0.0,0.0,0.0,0.0002,0.0002,0.0,0.0,0.0001,72.6556
322,M. Sabitzer,32.0,118351,0.0002,0.0001,0.0,0.0,0.0,0.0031,0.0002,0.0007,0.0001,0.0,0.0001,0.0006,0.0003,0.0001,0.0001,0.0001,0.0001,0.0,0.0,0.0,0.0,0.0,0.0,0.0,0.0,0.0001,0.0001,0.0,0.0,0.0,102.0
323,M. Salah,120.0,38661405,0.0002,0.0001,0.0,0.0,0.0,0.0013,0.0001,0.0004,0.0,0.0,0.0,0.0006,0.0002,0.0002,0.0001,0.0001,0.0,0.0,0.0,0.0,0.0,0.0,0.0,0.0,0.0,0.0001,0.0001,0.0,0.0,0.0,128.7556
324,M. Sanson,22.5,251099,0.0001,0.0,0.0,0.0,0.0,0.0031,0.0001,0.0006,0.0001,0.0,0.0001,0.001,0.0004,0.0002,0.0001,0.0002,0.0002,0.0,0.0,0.0,0.0,0.0,0.0,0.0,0.0,0.0001,0.0001,0.0,0.0001,0.0,99.6222
325,M. Sarr_NICE,16.0,36511,0.0,0.0,0.0,0.0,0.0,0.0096,0.0,0.0012,0.0001,0.0,0.0003,0.001,0.0006,0.0001,0.0,0.0001,0.0001,0.0,0.0,0.0,0.0,0.0,0.0,0.0,0.0,0.0002,0.0002,0.0,0.0,0.0001,75.4889
326,M. Sissoko,20.0,900662,0.0001,0.0,0.0,0.0,0.0,0.0057,0.0002,0.0011,0.0002,0.0,0.0001,0.0011,0.0005,0.0003,0.0002,0.0001,0.0002,0.0,0.0,0.0,0.0,0.0,0.0,0.0,0.0,0.0002,0.0001,0.0,0.0,0.0001,88.5
327,M. Thuram,22.5,377,0.0003,0.0001,0.0,0.0,0.0,0.0022,0.0001,0.0005,0.0001,0.0,0.0,0.0015,0.0008,0.0005,0.0003,0.0002,0.0002,0.0,0.0,0.0,0.0,0.0,0.0,0.0,0.0,0.0002,0.0001,0.0,0.0001,0.0,87.1
328,M. Vecino,18.5,346336,0.0003,0.0001,0.0,0.0,0.0,0.0073,0.0002,0.0017,0.0002,0.0,0.0002,0.0015,0.0007,0.0002,0.0001,0.0002,0.0003,0.0,0.0,0.0,0.0,0.0,0.0,0.0,0.0,0.0002,0.0002,0.0,0.0,0.0001,77.2667
329,M. Verratti,60.0,4860797,0.0,0.0,0.0,0.0,0.0,0.0096,0.0002,0.001,0.0002,0.0,0.0001,0.001,0.0006,0.0002,0.0002,0.0003,0.0002,0.0,0.0,0.0,0.0,0.0,0.0,0.0,0.0,0.0001,0.0001,0.0,0.0001,0.0,91.2667
330,M. de Ligt,67.5,4987874,0.0001,0.0,0.0,0.0,0.0,0.0031,0.0,0.0003,0.0,0.0,0.0001,0.0004,0.0002,0.0,0.0,0.0,0.0,0.0,0.0,0.0,0.0,0.0,0.0,0.0,0.0,0.0001,0.0001,0.0,0.0,0.0,124.0444
331,M. de Roon,19.0,127520,0.0001,0.0,0.0,0.0,0.0,0.0037,0.0001,0.0005,0.0001,0.0,0.0001,0.0006,0.0003,0.0,0.0,0.0,0.0001,0.0,0.0,0.0,0.0,0.0,0.0,0.0,0.0,0.0001,0.0001,0.0,0.0,0.0,113.0222
332,M. ter Stegen,72.0,11358156,0.0,0.0,0.0,0.0001,0.0,0.0014,0.0,0.0003,0.0,0.0,0.0,0.0,0.0,0.0,0.0,0.0,0.0,0.0,0.0,0.0,0.0,0.0,0.0,0.0,0.0,0.0001,0.0001,0.0,0.0,0.0,128.0
334,M. Özil,17.5,22044600,0.0001,0.0001,0.0,0.0,0.0,0.0087,0.0005,0.0017,0.0001,0.0,0.0001,0.0011,0.0005,0.0003,0.0002,0.0002,0.0001,0.0,0.0,0.0,0.0,0.0,0.0,0.0,0.0,0.0002,0.0002,0.0,0.0001,0.0,79.8222
335,Malcom,30.5,2701605,0.0008,0.0003,0.0001,0.0,0.0001,0.0127,0.001,0.0031,0.0001,0.0,0.0002,0.0043,0.0022,0.0014,0.0009,0.001,0.0003,0.0,0.0,0.0,0.0,0.0,0.0,0.0,0.0,0.0005,0.0004,0.0001,0.0002,0.0003,50.5111
336,Marquinhos,52.0,3115459,0.0,0.0,0.0,0.0,0.0,0.0047,0.0,0.0006,0.0001,0.0,0.0001,0.0003,0.0002,0.0,0.0,0.0,0.0001,0.0,0.0,0.0,0.0,0.0,0.0,0.0,0.0,0.0001,0.0001,0.0,0.0,0.0,109.4444
337,N'Golo Kanté,80.0,7000127,0.0001,0.0,0.0,0.0,0.0,0.0037,0.0001,0.0006,0.0002,0.0,0.0001,0.0008,0.0004,0.0001,0.0001,0.0,0.0001,0.0,0.0,0.0,0.0,0.0,0.0,0.0,0.0,0.0001,0.0001,0.0,0.0,0.0,115.6667
338,N. Aké,28.0,689371,0.0001,0.0,0.0,0.0,0.0,0.0036,0.0,0.0004,0.0001,0.0001,0.0001,0.0008,0.0004,0.0,0.0,0.0001,0.0001,0.0,0.0,0.0,0.0,0.0,0.0,0.0,0.0,0.0001,0.0001,0.0,0.0,0.0,100.7667
339,N. Amiri,16.0,3211,0.0008,0.0003,0.0,0.0,0.0,0.0149,0.0008,0.005,0.0004,0.0,0.0003,0.0023,0.0011,0.001,0.0006,0.0007,0.0006,0.0001,0.0,0.0,0.0,0.0,0.0,0.0,0.0,0.0004,0.0003,0.0001,0.0002,0.0002,58.9222
340,N. Barella,36.0,467394,0.0001,0.0,0.0,0.0,0.0,0.0041,0.0001,0.0006,0.0001,0.0,0.0001,0.0011,0.0005,0.0002,0.0001,0.0002,0.0002,0.0,0.0,0.0,0.0,0.0,0.0,0.0,0.0,0.0001,0.0001,0.0,0.0,0.0,96.5222
341,N. Elvedi,28.0,56757,0.0,0.0,0.0,0.0,0.0,0.0047,0.0,0.0006,0.0001,0.0,0.0002,0.0006,0.0004,0.0001,0.0,0.0001,0.0001,0.0,0.0,0.0,0.0,0.0,0.0,0.0,0.0,0.0001,0.0001,0.0,0.0,0.0,103.4889
342,N. Fekir,32.0,1052652,0.0004,0.0002,0.0001,0.0,0.0,0.0038,0.0002,0.0007,0.0001,0.0,0.0,0.0014,0.0007,0.0005,0.0003,0.0004,0.0003,0.0,0.0,0.0,0.0,0.0,0.0,0.0,0.0,0.0001,0.0001,0.0,0.0,0.0,89.8778
343,N. Keïta,33.5,1508970,0.0005,0.0002,0.0001,0.0,0.0,0.0139,0.0004,0.0041,0.0004,0.0,0.0004,0.0042,0.0021,0.0012,0.0008,0.0005,0.0005,0.0001,0.0,0.0,0.0,0.0,0.0,0.0,0.0,0.0004,0.0003,0.0001,0.0001,0.0002,61.4222
344,N. Maksimovic,20.0,17836,0.0002,0.0,0.0,0.0,0.0,0.0033,0.0001,0.0011,0.0003,0.0001,0.0004,0.0011,0.0006,0.0001,0.0001,0.0001,0.0001,0.0,0.0,0.0,0.0,0.0,0.0,0.0,0.0,0.0002,0.0002,0.0,0.0,0.0,68.7222
345,N. Maupay,17.5,30993,0.0003,0.0001,0.0001,0.0,0.0,0.0017,0.0001,0.0004,0.0,0.0,0.0,0.0011,0.0004,0.0002,0.0001,0.0002,0.0002,0.0,0.0,0.0,0.0,0.0,0.0,0.0,0.0,0.0001,0.0001,0.0,0.0,0.0,98.4222
346,N. Milenkovic,24.0,62620,0.0001,0.0,0.0,0.0,0.0,0.0058,0.0,0.0009,0.0002,0.0001,0.0002,0.001,0.0006,0.0,0.0,0.0001,0.0003,0.0,0.0,0.0,0.0,0.0,0.0,0.0,0.0,0.0002,0.0002,0.0,0.0,0.0,81.3778
347,N. Mukiele,20.0,45741,0.0001,0.0,0.0,0.0,0.0,0.0052,0.0001,0.0009,0.0002,0.0,0.0003,0.0011,0.0007,0.0002,0.0001,0.0002,0.0001,0.0,0.0,0.0,0.0,0.0,0.0,0.0,0.0,0.0002,0.0001,0.0,0.0,0.0001,82.7222
348,N. Nández,21.0,1097347,0.0003,0.0001,0.0,0.0,0.0,0.0109,0.0003,0.0022,0.0004,0.0,0.0003,0.0033,0.0016,0.0008,0.0004,0.0007,0.0006,0.0002,0.0,0.0,0.0,0.0,0.0,0.0,0.0,0.0004,0.0004,0.0001,0.0001,0.0001,52.4222
350,N. Semedo,32.0,3011108,0.0,0.0,0.0,0.0,0.0,0.0074,0.0001,0.0015,0.0002,0.0,0.0002,0.0012,0.0007,0.0004,0.0002,0.0002,0.0002,0.0,0.0,0.0,0.0,0.0,0.0,0.0,0.0,0.0002,0.0001,0.0,0.0,0.0001,83.7778
351,N. Süle,48.0,625272,0.0001,0.0,0.0,0.0,0.0,0.0102,0.0,0.0015,0.0001,0.0,0.0002,0.0008,0.0005,0.0,0.0,0.0,0.0001,0.0,0.0,0.0,0.0,0.0,0.0,0.0,0.0,0.0002,0.0001,0.0,0.0,0.0001,82.5889
352,N. Tagliafico,28.0,1049277,0.0001,0.0,0.0,0.0,0.0,0.0038,0.0001,0.0006,0.0001,0.0,0.0002,0.0007,0.0004,0.0001,0.0,0.0002,0.0001,0.0,0.0,0.0,0.0,0.0,0.0,0.0,0.0,0.0001,0.0001,0.0,0.0,0.0,104.7111
353,N. Vlasic,17.5,92992,0.0008,0.0003,0.0001,0.0,0.0001,0.0085,0.0007,0.0015,0.0003,0.0,0.0001,0.0021,0.001,0.001,0.0007,0.0004,0.0003,0.0,0.0,0.0,0.0,0.0,0.0,0.0,0.0,0.0003,0.0003,0.0,0.0,0.0,59.1778
355,Neymar,128.0,139025980,0.0006,0.0003,0.0002,0.0,0.0001,0.0074,0.0005,0.0014,0.0001,0.0,0.0,0.0023,0.0013,0.0015,0.0009,0.0007,0.0001,0.0,0.0,0.0,0.0,0.0,0.0,0.0,0.0,0.0002,0.0002,0.0,0.0,0.0,77.1111
358,O. Zinchenko,24.0,32800,0.0003,0.0,0.0,0.0,0.0,0.0272,0.0004,0.0068,0.0007,0.0,0.0004,0.0031,0.0016,0.0003,0.0001,0.0001,0.0003,0.0,0.0,0.0,0.0,0.0,0.0,0.0,0.0,0.0004,0.0003,0.0001,0.0001,0.0003,54.1222
360,P. Aubameyang,56.0,9446820,0.0003,0.0001,0.0001,0.0,0.0,0.0014,0.0001,0.0006,0.0,0.0,0.0,0.0007,0.0002,0.0001,0.0001,0.0001,0.0001,0.0,0.0,0.0,0.0,0.0,0.0,0.0,0.0,0.0001,0.0001,0.0,0.0,0.0,108.5
361,P. Coutinho,56.0,22332490,0.0004,0.0002,0.0001,0.0,0.0,0.0056,0.0003,0.0011,0.0001,0.0,0.0001,0.0011,0.0005,0.0005,0.0003,0.0002,0.0001,0.0,0.0,0.0,0.0,0.0,0.0,0.0,0.0,0.0002,0.0001,0.0,0.0001,0.0,92.6333
362,P. Dybala,72.0,38548092,0.0005,0.0002,0.0001,0.0,0.0,0.0056,0.0003,0.0011,0.0,0.0,0.0001,0.0011,0.0006,0.0005,0.0003,0.0004,0.0001,0.0,0.0,0.0,0.0,0.0,0.0,0.0,0.0,0.0002,0.0001,0.0,0.0001,0.0001,88.9444
365,P. Kimpembe,28.0,2500000,0.0,0.0,0.0,0.0,0.0,0.0062,0.0,0.0008,0.0001,0.0,0.0001,0.0006,0.0004,0.0001,0.0001,0.0002,0.0001,0.0,0.0,0.0,0.0,0.0,0.0,0.0,0.0,0.0001,0.0001,0.0,0.0,0.0,93.5444
366,P. López,19.0,128151,0.0001,0.0,0.0,0.0001,0.0,0.0038,0.0,0.0012,0.0,0.0,0.0001,0.0003,0.0002,0.0,0.0,0.0001,0.0001,0.0,0.0,0.0,0.0,0.0,0.0,0.0,0.0,0.0002,0.0002,0.0,0.0001,0.0001,69.1667
367,P. Pogba,80.0,41084974,0.0004,0.0001,0.0,0.0,0.0,0.0071,0.0002,0.0013,0.0002,0.0,0.0001,0.0019,0.001,0.0004,0.0003,0.0003,0.0002,0.0,0.0,0.0,0.0,0.0,0.0,0.0,0.0,0.0001,0.0001,0.0,0.0,0.0,86.3333
371,P. Zielinski,32.0,521490,0.0002,0.0001,0.0,0.0,0.0,0.0054,0.0002,0.001,0.0001,0.0,0.0001,0.0006,0.0003,0.0002,0.0002,0.0001,0.0001,0.0,0.0,0.0,0.0,0.0,0.0,0.0,0.0,0.0001,0.0001,0.0,0.0,0.0,99.0889
373,Pizzi,21.5,540211,0.0001,0.0001,0.0,0.0,0.0,0.0034,0.0002,0.0004,0.0001,0.0,0.0,0.0004,0.0002,0.0001,0.0001,0.0001,0.0001,0.0,0.0,0.0,0.0,0.0,0.0,0.0,0.0,0.0001,0.0001,0.0,0.0,0.0,117.4889
376,R. Bentancur,40.0,1353548,0.0002,0.0,0.0,0.0,0.0,0.0145,0.0003,0.0035,0.0005,0.0001,0.0005,0.0021,0.0011,0.0005,0.0003,0.0003,0.0006,0.0001,0.0,0.0,0.0,0.0,0.0,0.0,0.0,0.0004,0.0003,0.0002,0.0,0.0003,60.4778
378,R. Dias,30.5,316192,0.0,0.0,0.0,0.0,0.0,0.0035,0.0,0.0005,0.0001,0.0,0.0001,0.0004,0.0002,0.0,0.0,0.0001,0.0001,0.0,0.0,0.0,0.0,0.0,0.0,0.0,0.0,0.0001,0.0001,0.0,0.0,0.0,113.6
379,R. Firmino,72.0,13194716,0.0002,0.0001,0.0,0.0,0.0,0.0021,0.0001,0.0005,0.0001,0.0,0.0,0.0009,0.0003,0.0002,0.0001,0.0,0.0001,0.0,0.0,0.0,0.0,0.0,0.0,0.0,0.0,0.0001,0.0001,0.0,0.0,0.0,119.3667
380,R. Fraser,17.5,32200,0.0001,0.0001,0.0,0.0,0.0,0.0027,0.0002,0.0007,0.0001,0.0,0.0001,0.0006,0.0003,0.0001,0.0001,0.0002,0.0,0.0,0.0,0.0,0.0,0.0,0.0,0.0,0.0,0.0001,0.0001,0.0,0.0,0.0,95.7889
381,R. Freuler,20.0,62171,0.0001,0.0,0.0,0.0,0.0,0.0038,0.0001,0.0005,0.0001,0.0,0.0001,0.0007,0.0004,0.0001,0.0001,0.0001,0.0001,0.0,0.0,0.0,0.0,0.0,0.0,0.0,0.0,0.0001,0.0001,0.0,0.0,0.0,113.6667
382,R. Gosens,20.0,66299,0.0002,0.0001,0.0,0.0,0.0,0.0057,0.0002,0.0014,0.0003,0.0,0.0003,0.0011,0.0007,0.0002,0.0001,0.0002,0.0002,0.0,0.0,0.0,0.0,0.0,0.0,0.0,0.0,0.0002,0.0002,0.0,0.0001,0.0001,73.4111
383,R. Guerreiro,28.0,684951,0.0004,0.0002,0.0001,0.0,0.0,0.0128,0.0004,0.0028,0.0003,0.0,0.0003,0.0012,0.0006,0.0005,0.0003,0.0002,0.0001,0.0,0.0,0.0,0.0,0.0,0.0,0.0,0.0,0.0003,0.0002,0.0001,0.0001,0.0001,64.1222
384,R. James,22.5,574586,0.0003,0.0001,0.0,0.0,0.0,0.0088,0.0004,0.0017,0.0004,0.0001,0.0002,0.0027,0.0015,0.0005,0.0004,0.0004,0.0003,0.0,0.0,0.0,0.0,0.0,0.0,0.0,0.0,0.0003,0.0002,0.0,0.0,0.0001,62.5667
385,R. Jiménez,40.0,2079626,0.0004,0.0001,0.0001,0.0,0.0,0.0024,0.0002,0.0007,0.0001,0.0,0.0001,0.0014,0.0006,0.0003,0.0001,0.0001,0.0002,0.0,0.0,0.0,0.0,0.0,0.0,0.0,0.0,0.0002,0.0001,0.0,0.0001,0.0001,93.4667
386,R. Lewandowski,56.0,17410571,0.0003,0.0001,0.0001,0.0,0.0,0.0011,0.0001,0.0003,0.0,0.0,0.0,0.0005,0.0002,0.0001,0.0001,0.0001,0.0001,0.0,0.0,0.0,0.0,0.0,0.0,0.0,0.0,0.0001,0.0001,0.0,0.0,0.0,125.3222
390,R. Lukaku,68.0,6017371,0.0002,0.0001,0.0,0.0,0.0,0.0012,0.0001,0.0006,0.0,0.0,0.0,0.0007,0.0003,0.0001,0.0001,0.0,0.0001,0.0,0.0,0.0,0.0,0.0,0.0,0.0,0.0,0.0001,0.0001,0.0,0.0,0.0,112.8444
391,R. Mahrez,48.0,5333408,0.0003,0.0002,0.0,0.0,0.0,0.0047,0.0003,0.0012,0.0001,0.0,0.0001,0.0013,0.0006,0.0005,0.0003,0.0002,0.0001,0.0,0.0,0.0,0.0,0.0,0.0,0.0,0.0,0.0002,0.0001,0.0,0.0,0.0001,91.7111
392,R. Neves,40.0,413959,0.0002,0.0,0.0,0.0,0.0,0.0038,0.0001,0.0004,0.0001,0.0,0.0001,0.0006,0.0003,0.0001,0.0,0.0,0.0001,0.0,0.0,0.0,0.0,0.0,0.0,0.0,0.0,0.0001,0.0001,0.0,0.0,0.0,114.3111
393,R. Orsolini,20.0,102123,0.0009,0.0003,0.0001,0.0,0.0001,0.0069,0.0005,0.0039,0.0003,0.0,0.0002,0.0028,0.0013,0.0012,0.0005,0.0008,0.0005,0.0,0.0,0.0,0.0,0.0,0.0,0.0,0.0,0.0006,0.0003,0.0002,0.0001,0.0004,53.1556
394,R. Pereira,32.0,683382,0.0001,0.0,0.0,0.0,0.0,0.0084,0.0002,0.0012,0.0008,0.0,0.0004,0.0032,0.0018,0.0007,0.0004,0.0003,0.0003,0.0,0.0,0.0,0.0,0.0,0.0,0.0,0.0,0.0002,0.0002,0.0,0.0,0.0,68.8222
396,R. Sessegnon,31.5,316846,0.0002,0.0001,0.0,0.0,0.0,0.0034,0.0002,0.0011,0.0001,0.0,0.0001,0.0014,0.0005,0.0003,0.0002,0.0001,0.0001,0.0,0.0,0.0,0.0,0.0,0.0,0.0,0.0,0.0002,0.0001,0.0,0.0,0.0,85.2222
397,R. Silva,24.0,44300,0.0005,0.0002,0.0001,0.0,0.0,0.0056,0.0004,0.0023,0.0003,0.0,0.0002,0.0025,0.0012,0.0011,0.0006,0.0005,0.0003,0.0,0.0,0.0,0.0,0.0,0.0,0.0,0.0,0.0003,0.0002,0.0001,0.0001,0.0002,62.9222
398,R. Sterling,128.0,7015127,0.0002,0.0001,0.0,0.0,0.0,0.0021,0.0001,0.0005,0.0,0.0,0.0,0.0007,0.0003,0.0003,0.0002,0.0001,0.0001,0.0,0.0,0.0,0.0,0.0,0.0,0.0,0.0,0.0001,0.0001,0.0,0.0,0.0,123.0556
399,R. Varane,64.0,13905800,0.0,0.0,0.0,0.0,0.0,0.0035,0.0,0.0007,0.0,0.0,0.0001,0.0003,0.0002,0.0,0.0,0.0,0.0,0.0,0.0,0.0,0.0,0.0,0.0,0.0,0.0,0.0001,0.0001,0.0,0.0,0.0,113.2
400,Raphinha,16.0,106000,0.0003,0.0001,0.0,0.0,0.0,0.0022,0.0002,0.0009,0.0001,0.0,0.0002,0.001,0.0005,0.0004,0.0002,0.0002,0.0001,0.0,0.0,0.0,0.0,0.0,0.0,0.0,0.0,0.0001,0.0001,0.0,0.0,0.0,89.1778
402,Richarlison,52.0,2605823,0.0003,0.0001,0.0,0.0,0.0,0.0018,0.0001,0.0007,0.0001,0.0,0.0001,0.0015,0.0006,0.0003,0.0002,0.0003,0.0001,0.0,0.0,0.0,0.0,0.0,0.0,0.0,0.0,0.0001,0.0001,0.0,0.0,0.0,95.7333
403,Rodri_city,64.0,0,0.0001,0.0,0.0,0.0,0.0,0.0052,0.0001,0.0006,0.0001,0.0,0.0001,0.0009,0.0005,0.0001,0.0001,0.0001,0.0001,0.0,0.0,0.0,0.0,0.0,0.0,0.0,0.0,0.0001,0.0001,0.0,0.0,0.0,116.0333
404,Rodrigo_Val,40.0,361722,0.0003,0.0001,0.0,0.0,0.0,0.0024,0.0001,0.0007,0.0,0.0,0.0,0.0009,0.0004,0.0003,0.0001,0.0002,0.0001,0.0,0.0,0.0,0.0,0.0,0.0,0.0,0.0,0.0001,0.0001,0.0,0.0001,0.0,97.3556
406,S. Aguero,52.0,13499337,0.0005,0.0002,0.0001,0.0,0.0,0.0026,0.0002,0.0013,0.0001,0.0,0.0,0.001,0.0004,0.0004,0.0002,0.0001,0.0001,0.0,0.0,0.0,0.0,0.0,0.0,0.0,0.0,0.0001,0.0001,0.0,0.0001,0.0,91.7778
407,S. Berge,20.0,60393,0.0,0.0,0.0,0.0,0.0,0.0011,0.0,0.0006,0.0,0.0,0.0,0.0001,0.0001,0.0,0.0,0.0,0.0,0.0,0.0,0.0,0.0,0.0,0.0,0.0,0.0,0.0002,0.0001,0.0,0.0,0.0,82.0444
408,S. Bergwijn,28.0,505348,0.0002,0.0001,0.0,0.0,0.0,0.0025,0.0002,0.0008,0.0,0.0,0.0,0.0008,0.0004,0.0004,0.0002,0.0001,0.0001,0.0,0.0,0.0,0.0,0.0,0.0,0.0,0.0,0.0001,0.0001,0.0,0.0001,0.0,100.0111
409,S. Busquets,28.0,2979400,0.0,0.0,0.0,0.0,0.0,0.0049,0.0001,0.0004,0.0001,0.0,0.0001,0.0006,0.0003,0.0,0.0,0.0001,0.0001,0.0,0.0,0.0,0.0,0.0,0.0,0.0,0.0,0.0001,0.0001,0.0,0.0,0.0,121.9556
410,S. Chukwueze,27.0,274,0.0005,0.0002,0.0001,0.0,0.0,0.004,0.0003,0.0015,0.0001,0.0,0.0001,0.0014,0.0006,0.0009,0.0005,0.0002,0.0002,0.0,0.0,0.0,0.0,0.0,0.0,0.0,0.0,0.0004,0.0002,0.0001,0.0001,0.0001,62.4556
412,S. Gnabry,72.0,1641709,0.0005,0.0002,0.0001,0.0,0.0,0.0046,0.0003,0.0016,0.0002,0.0,0.0001,0.0013,0.0005,0.0007,0.0003,0.0001,0.0002,0.0,0.0,0.0,0.0,0.0,0.0,0.0,0.0,0.0002,0.0002,0.0,0.0001,0.0001,80.3444
413,S. Haller,36.0,123480,0.0003,0.0001,0.0001,0.0,0.0,0.0024,0.0002,0.0007,0.0001,0.0,0.0,0.0026,0.0013,0.0002,0.0001,0.0002,0.0002,0.0,0.0,0.0,0.0,0.0,0.0,0.0,0.0,0.0001,0.0001,0.0,0.0,0.0,90.4
414,S. Longstaff,17.5,57331,0.0001,0.0,0.0,0.0,0.0,0.0033,0.0001,0.0017,0.0002,0.0,0.0001,0.0009,0.0005,0.0001,0.0001,0.0002,0.0001,0.0,0.0,0.0,0.0,0.0,0.0,0.0,0.0,0.0003,0.0002,0.0,0.0001,0.0001,68.5778
415,S. Mané,120.0,7300802,0.0002,0.0001,0.0,0.0,0.0,0.0019,0.0001,0.0005,0.0001,0.0,0.0,0.0009,0.0004,0.0002,0.0002,0.0001,0.0001,0.0,0.0,0.0,0.0,0.0,0.0,0.0,0.0,0.0001,0.0001,0.0,0.0,0.0,118.8444
416,S. McTominay,22.5,1324103,0.0005,0.0001,0.0001,0.0,0.0,0.0162,0.0002,0.0071,0.0006,0.0001,0.0007,0.0028,0.0016,0.0006,0.0004,0.0009,0.0006,0.0001,0.0,0.0,0.0,0.0,0.0,0.0,0.0,0.0006,0.0004,0.0002,0.0001,0.0004,50.5667
417,S. Milinkovic-Savic,64.0,470134,0.0003,0.0001,0.0,0.0,0.0,0.004,0.0002,0.0006,0.0001,0.0,0.0001,0.0012,0.0006,0.0002,0.0001,0.0001,0.0002,0.0,0.0,0.0,0.0,0.0,0.0,0.0,0.0,0.0001,0.0001,0.0,0.0,0.0,102.5
419,S. Roberto,40.0,7464820,0.0,0.0,0.0,0.0,0.0,0.0063,0.0001,0.0009,0.0001,0.0,0.0001,0.0007,0.0004,0.0002,0.0001,0.0001,0.0001,0.0,0.0,0.0,0.0,0.0,0.0,0.0,0.0,0.0001,0.0001,0.0,0.0,0.0,98.2111
420,S. Savic,25.5,300512,0.0,0.0,0.0,0.0,0.0,0.0062,0.0,0.0022,0.0001,0.0001,0.0003,0.001,0.0005,0.0,0.0,0.0001,0.0002,0.0,0.0,0.0,0.0,0.0,0.0,0.0,0.0,0.0002,0.0002,0.0,0.0,0.0001,70.8222
422,S. Serdar,20.0,56937,0.0004,0.0001,0.0,0.0,0.0,0.0046,0.0002,0.0018,0.0004,0.0,0.0003,0.0026,0.0012,0.0008,0.0005,0.0004,0.0004,0.0,0.0,0.0,0.0,0.0,0.0,0.0,0.0,0.0003,0.0002,0.0001,0.0001,0.0001,66.4111
423,S. Tonali,31.5,182918,0.0,0.0,0.0,0.0,0.0,0.0017,0.0001,0.0002,0.0001,0.0,0.0001,0.0,0.0,0.0001,0.0001,0.0001,0.0001,0.0001,0.0,0.0,0.0,0.0,0.0,0.0,0.0,0.0002,0.0002,0.0,0.0,0.0,73.6778
424,S. Umtiti,32.0,6622992,0.0,0.0,0.0,0.0,0.0,0.0145,0.0,0.0026,0.0001,0.0001,0.0004,0.0013,0.0008,0.0001,0.0001,0.0002,0.0003,0.0001,0.0,0.0,0.0,0.0,0.0,0.0,0.0,0.0002,0.0002,0.0,0.0,0.0001,65.8444
425,S. de Vrij,48.0,554634,0.0,0.0,0.0,0.0,0.0,0.0039,0.0,0.0006,0.0,0.0,0.0001,0.0003,0.0002,0.0,0.0,0.0,0.0,0.0,0.0,0.0,0.0,0.0,0.0,0.0,0.0,0.0001,0.0001,0.0,0.0,0.0,109.3222
426,S. Ñíguez,72.0,1268307,0.0001,0.0,0.0,0.0,0.0,0.0021,0.0,0.0004,0.0001,0.0,0.0001,0.0006,0.0003,0.0001,0.0001,0.0,0.0001,0.0,0.0,0.0,0.0,0.0,0.0,0.0,0.0,0.0001,0.0001,0.0,0.0,0.0,135.0889
427,Suso,17.5,1026005,0.0002,0.0001,0.0,0.0,0.0,0.0033,0.0002,0.0007,0.0,0.0,0.0,0.0008,0.0004,0.0003,0.0002,0.0002,0.0001,0.0,0.0,0.0,0.0,0.0,0.0,0.0,0.0,0.0001,0.0001,0.0,0.0,0.0,102.8222
428,T. Abraham,40.0,1691131,0.0004,0.0002,0.0001,0.0,0.0,0.0015,0.0001,0.0008,0.0,0.0,0.0,0.0015,0.0006,0.0002,0.0001,0.0002,0.0001,0.0,0.0,0.0,0.0,0.0,0.0,0.0,0.0,0.0002,0.0001,0.0,0.0001,0.0,90.8889
429,T. Alderweireld,24.0,2109843,0.0,0.0,0.0,0.0,0.0,0.0046,0.0,0.0007,0.0001,0.0001,0.0001,0.0005,0.0002,0.0,0.0,0.0,0.0,0.0,0.0,0.0,0.0,0.0,0.0,0.0,0.0,0.0001,0.0001,0.0,0.0,0.0,107.7
430,T. Alexander-Arnold,99.0,4360128,0.0001,0.0,0.0,0.0,0.0,0.0043,0.0002,0.0005,0.0002,0.0,0.0001,0.0006,0.0003,0.0001,0.0001,0.0,0.0001,0.0,0.0,0.0,0.0,0.0,0.0,0.0,0.0,0.0001,0.0001,0.0,0.0,0.0,103.6667
432,T. Bakayoko,25.5,1136691,0.0002,0.0,0.0,0.0,0.0,0.0054,0.0001,0.0014,0.0002,0.0,0.0002,0.0016,0.0009,0.0003,0.0002,0.0003,0.0002,0.0,0.0,0.0,0.0,0.0,0.0,0.0,0.0,0.0001,0.0001,0.0,0.0,0.0,90.6444
433,T. Cantwell,20.0,116879,0.0004,0.0001,0.0001,0.0,0.0,0.0085,0.0003,0.0019,0.0004,0.0,0.0002,0.0033,0.0015,0.0008,0.0004,0.0006,0.0002,0.0001,0.0,0.0,0.0,0.0,0.0,0.0,0.0,0.0004,0.0003,0.0001,0.0002,0.0002,54.6444
434,T. Castagne,16.0,38180,0.0002,0.0001,0.0,0.0,0.0,0.0079,0.0002,0.0019,0.0003,0.0,0.0003,0.0017,0.0009,0.0003,0.0002,0.0001,0.0002,0.0,0.0,0.0,0.0,0.0,0.0,0.0,0.0,0.0003,0.0002,0.0001,0.0,0.0002,67.2778
435,T. Courtois,48.0,6664476,0.0,0.0,0.0,0.0001,0.0,0.0014,0.0,0.0004,0.0,0.0,0.0,0.0,0.0,0.0,0.0,0.0,0.0,0.0,0.0,0.0,0.0,0.0,0.0,0.0,0.0,0.0001,0.0001,0.0,0.0,0.0,111.5111
436,T. Davies,16.0,122000,0.0003,0.0001,0.0,0.0,0.0,0.0092,0.0001,0.0037,0.0004,0.0,0.0004,0.0034,0.0015,0.0004,0.0003,0.0005,0.0005,0.0001,0.0,0.0,0.0,0.0,0.0,0.0,0.0,0.0004,0.0003,0.0001,0.0001,0.0003,58.1667
437,T. Delaney,17.5,146261,0.0002,0.0001,0.0,0.0,0.0,0.0063,0.0001,0.0011,0.0002,0.0,0.0003,0.0017,0.0009,0.0001,0.0,0.0002,0.0003,0.0,0.0,0.0,0.0,0.0,0.0,0.0,0.0,0.0002,0.0002,0.0,0.0,0.0,81.0
438,T. Hazard,32.0,702956,0.0002,0.0001,0.0,0.0,0.0,0.0027,0.0002,0.0005,0.0001,0.0,0.0001,0.0009,0.0004,0.0003,0.0002,0.0001,0.0001,0.0,0.0,0.0,0.0,0.0,0.0,0.0,0.0,0.0001,0.0001,0.0,0.0,0.0,102.7444
439,T. Hernández,32.0,1804339,0.0002,0.0001,0.0,0.0,0.0,0.0087,0.0002,0.0019,0.0003,0.0,0.0003,0.0018,0.001,0.0008,0.0004,0.0005,0.0002,0.0,0.0,0.0,0.0,0.0,0.0,0.0,0.0,0.0002,0.0002,0.0,0.0,0.0001,68.4333
440,T. Kehrer,28.0,417950,0.0001,0.0,0.0,0.0,0.0,0.0076,0.0,0.0015,0.0002,0.0001,0.0002,0.0013,0.0008,0.0001,0.0001,0.0001,0.0002,0.0,0.0,0.0,0.0,0.0,0.0,0.0,0.0,0.0002,0.0002,0.0,0.0,0.0001,78.0111
441,T. Kroos,48.0,24579903,0.0001,0.0,0.0,0.0,0.0,0.0067,0.0002,0.0008,0.0001,0.0,0.0001,0.0006,0.0003,0.0001,0.0001,0.0002,0.0001,0.0,0.0,0.0,0.0,0.0,0.0,0.0,0.0,0.0001,0.0001,0.0,0.0,0.0,105.0222
442,T. Lemar,24.0,953000,0.0003,0.0001,0.0,0.0,0.0,0.007,0.0003,0.0018,0.0001,0.0,0.0002,0.0018,0.0009,0.0007,0.0004,0.0003,0.0001,0.0,0.0,0.0,0.0,0.0,0.0,0.0,0.0,0.0003,0.0002,0.0001,0.0001,0.0001,71.4667
443,T. Meunier,24.0,1155895,0.0001,0.0,0.0,0.0,0.0,0.0057,0.0001,0.0014,0.0002,0.0,0.0002,0.0007,0.0004,0.0001,0.0001,0.0,0.0002,0.0,0.0,0.0,0.0,0.0,0.0,0.0,0.0,0.0002,0.0002,0.0,0.0,0.0001,77.8
445,T. Müller,25.5,7411472,0.0,0.0,0.0,0.0,0.0,0.0003,0.0,0.0001,0.0,0.0,0.0,0.0001,0.0,0.0,0.0,0.0,0.0,0.0,0.0,0.0,0.0,0.0,0.0,0.0,0.0,0.0,0.0,0.0,0.0,0.0,248.9667
447,T. Strakosha,20.0,159466,0.0,0.0,0.0,0.0001,0.0,0.0011,0.0,0.0003,0.0,0.0,0.0,0.0,0.0,0.0,0.0,0.0,0.0,0.0,0.0,0.0,0.0,0.0,0.0,0.0,0.0,0.0001,0.0001,0.0,0.0,0.0,130.6667
448,T. Werner,64.0,823676,0.0003,0.0001,0.0001,0.0,0.0,0.0015,0.0001,0.0005,0.0,0.0,0.0,0.0004,0.0002,0.0002,0.0001,0.0001,0.0001,0.0,0.0,0.0,0.0,0.0,0.0,0.0,0.0,0.0001,0.0001,0.0,0.0,0.0,112.2667
450,Thiago Alcântara,48.0,5049274,0.0001,0.0,0.0,0.0,0.0,0.0097,0.0002,0.0011,0.0002,0.0,0.0003,0.0011,0.0006,0.0004,0.0003,0.0001,0.0002,0.0,0.0,0.0,0.0,0.0,0.0,0.0,0.0,0.0001,0.0001,0.0,0.0,0.0,90.7333
451,Thomas Partey,40.0,7411513,0.0001,0.0,0.0,0.0,0.0,0.005,0.0001,0.001,0.0002,0.0,0.0002,0.0009,0.0005,0.0002,0.0002,0.0001,0.0001,0.0,0.0,0.0,0.0,0.0,0.0,0.0,0.0,0.0001,0.0001,0.0,0.0,0.0,97.9889
452,U. Núñez,16.0,40610,0.0001,0.0,0.0,0.0,0.0,0.0058,0.0001,0.0014,0.0001,0.0001,0.0002,0.0009,0.0005,0.0001,0.0001,0.0001,0.0002,0.0,0.0,0.0,0.0,0.0,0.0,0.0,0.0,0.0002,0.0001,0.0,0.0,0.0001,83.7889
453,V. Lindelöf,28.0,1737260,0.0,0.0,0.0,0.0,0.0,0.0043,0.0,0.0009,0.0001,0.0,0.0001,0.0005,0.0003,0.0,0.0,0.0,0.0001,0.0,0.0,0.0,0.0,0.0,0.0,0.0,0.0,0.0001,0.0001,0.0,0.0,0.0,103.3889
454,V. Osimhen,27.0,172591,0.0005,0.0002,0.0001,0.0,0.0,0.0016,0.0001,0.0016,0.0,0.0,0.0001,0.0004,0.0001,0.0003,0.0001,0.0002,0.0004,0.0,0.0,0.0,0.0,0.0,0.0,0.0,0.0,0.0004,0.0003,0.0001,0.0,0.0001,60.4444
455,V. Rongier,16.0,170526,0.0002,0.0,0.0,0.0,0.0,0.0054,0.0002,0.0006,0.0002,0.0,0.0002,0.0008,0.0004,0.0002,0.0001,0.0001,0.0002,0.0,0.0,0.0,0.0,0.0,0.0,0.0,0.0,0.0001,0.0001,0.0,0.0,0.0,97.2222
456,V. van Dijk,80.0,9310129,0.0001,0.0,0.0,0.0,0.0,0.0041,0.0,0.0004,0.0001,0.0,0.0001,0.0005,0.0004,0.0,0.0,0.0,0.0,0.0,0.0,0.0,0.0,0.0,0.0,0.0,0.0,0.0001,0.0001,0.0,0.0,0.0,128.6444
458,W. Barrios,16.0,820996,0.0001,0.0,0.0,0.0,0.0,0.0092,0.0001,0.0016,0.0004,0.0001,0.0005,0.0019,0.0011,0.0003,0.0002,0.0005,0.0003,0.0001,0.0,0.0,0.0,0.0,0.0,0.0,0.0,0.0002,0.0002,0.0,0.0,0.0,67.5333
459,W. Ben Yedder,40.0,427450,0.0002,0.0001,0.0001,0.0,0.0,0.0018,0.0001,0.0006,0.0,0.0,0.0,0.0006,0.0002,0.0002,0.0001,0.0001,0.0001,0.0,0.0,0.0,0.0,0.0,0.0,0.0,0.0,0.0001,0.0001,0.0,0.0,0.0,102.4333
460,W. José,24.0,117844,0.0004,0.0002,0.0001,0.0,0.0,0.003,0.0002,0.0008,0.0,0.0,0.0,0.0011,0.0005,0.0001,0.0001,0.0002,0.0002,0.0,0.0,0.0,0.0,0.0,0.0,0.0,0.0,0.0002,0.0002,0.0,0.0001,0.0,81.5778
461,W. McKennie,20.0,152427,0.0003,0.0001,0.0,0.0,0.0,0.0074,0.0002,0.0021,0.0002,0.0001,0.0005,0.0026,0.0013,0.0004,0.0002,0.0002,0.0005,0.0001,0.0,0.0,0.0,0.0,0.0,0.0,0.0,0.0004,0.0003,0.0001,0.0001,0.0001,62.1778
462,W. Ndidi,36.0,529117,0.0001,0.0,0.0,0.0,0.0,0.0043,0.0001,0.0006,0.0004,0.0,0.0002,0.0016,0.0009,0.0001,0.0001,0.0001,0.0002,0.0,0.0,0.0,0.0,0.0,0.0,0.0,0.0,0.0001,0.0001,0.0,0.0,0.0,99.9889
464,W. Szczesny,32.0,2684961,0.0,0.0,0.0,0.0001,0.0,0.0024,0.0,0.0011,0.0,0.0,0.0,0.0,0.0,0.0,0.0,0.0,0.0,0.0,0.0,0.0,0.0,0.0,0.0,0.0,0.0,0.0001,0.0001,0.0,0.0,0.0001,85.0
465,W. Weghorst,21.5,48391,0.0002,0.0001,0.0,0.0,0.0,0.0015,0.0001,0.0003,0.0,0.0,0.0,0.0007,0.0003,0.0001,0.0,0.0001,0.0001,0.0,0.0,0.0,0.0,0.0,0.0,0.0,0.0,0.0001,0.0001,0.0,0.0,0.0,106.4778
466,W. Zaha,44.0,1028085,0.0002,0.0001,0.0,0.0,0.0,0.0025,0.0002,0.0005,0.0001,0.0,0.0,0.0021,0.001,0.0008,0.0005,0.0004,0.0002,0.0,0.0,0.0,0.0,0.0,0.0,0.0,0.0,0.0001,0.0001,0.0,0.0,0.0,92.7
467,Wesley,24.0,57900,0.0001,0.0,0.0,0.0,0.0,0.0005,0.0,0.0003,0.0,0.0,0.0,0.0001,0.0,0.0,0.0,0.0,0.0001,0.0,0.0,0.0,0.0,0.0,0.0,0.0,0.0,0.0001,0.0001,0.0,0.0001,0.0,93.0556
468,Willian,22.5,8983450,0.0003,0.0001,0.0,0.0,0.0,0.0038,0.0003,0.0009,0.0001,0.0,0.0001,0.0008,0.0004,0.0004,0.0003,0.0002,0.0001,0.0,0.0,0.0,0.0,0.0,0.0,0.0,0.0,0.0001,0.0001,0.0,0.0001,0.0001,100.0556
472,Y. Poulsen,24.0,109000,0.0003,0.0001,0.0,0.0,0.0,0.0023,0.0002,0.001,0.0001,0.0,0.0,0.0019,0.0009,0.0003,0.0001,0.0003,0.0002,0.0,0.0,0.0,0.0,0.0,0.0,0.0,0.0,0.0002,0.0001,0.0001,0.0,0.0001,86.3889
473,Y. Tielemans,44.0,282254,0.0002,0.0001,0.0,0.0,0.0,0.0043,0.0001,0.0007,0.0001,0.0,0.0001,0.0011,0.0005,0.0002,0.0001,0.0002,0.0001,0.0,0.0,0.0,0.0,0.0,0.0,0.0,0.0,0.0001,0.0001,0.0,0.0,0.0,94.8333
